0.000000000000000000e+00 9.578819729742235056e-01 8.436385699076385247e-01 9.568509036041661364e-01 1.441052116629282009e+00 1.650229304535218322e+00 1.681309272176647607e+00 1.664058644974445889e+00 1.580682456917225531e+00 1.374880893620421096e+00
0.000000000000000000e+00 6.745611564124800452e-01 7.247007993314362739e-01 1.102380692140084273e+00 1.616883780308296492e+00 1.714511459275072092e+00 1.705311128813529642e+00 1.579065983598963774e+00 1.286224968349167996e+00 1.074103367664906328e+00
0.000000000000000000e+00 9.234779524947885898e-01 1.447156198050202569e+00 1.642490774197213677e+00 1.656391602395580920e+00 1.617441337679911273e+00 1.599342237608635697e+00 1.481255012243130498e+00 1.391576701752025524e+00 1.144970723593244699e+00
0.000000000000000000e+00 7.857210646487046146e-01 7.021549931171110481e-01 9.620084929599098666e-01 1.450344008435505927e+00 1.636477680905205068e+00 1.699710221822581024e+00 1.695173225596104949e+00 1.543476885808520827e+00 1.181762221917430189e+00
0.000000000000000000e+00 8.023342575455151282e-01 1.434947133335427782e+00 1.612518164949855670e+00 1.629045311077436775e+00 1.601467017609651045e+00 1.600412456189773458e+00 1.586806920816679956e+00 1.449411464667994087e+00 1.134279202782626728e+00
0.000000000000000000e+00 1.017619078323736215e+00 1.408211271454558489e+00 1.541687886955127818e+00 1.651307863238858031e+00 1.649464392152814929e+00 1.577289480145772416e+00 1.501414314070113276e+00 1.478073513079105172e+00 1.224712227405558185e+00
0.000000000000000000e+00 7.857210646487046146e-01 7.021549931171110481e-01 9.620084929599098666e-01 1.450344008435505927e+00 1.636477680905205068e+00 1.699710221822581024e+00 1.695173225596104949e+00 1.543476885808520827e+00 1.181762221917430189e+00
0.000000000000000000e+00 7.239957143681318152e-01 7.595703571634609963e-01 9.757109513063386697e-01 1.447452070762484944e+00 1.615187565170950856e+00 1.679077260855742271e+00 1.687672005650083795e+00 1.615555269729615828e+00 1.321781424871291577e+00
0.000000000000000000e+00 7.949885733696876455e-01 8.550677542444534707e-01 9.237816007742348789e-01 1.458844205655899673e+00 1.634566270288440482e+00 1.684847135725981104e+00 1.675518466332462264e+00 1.624506373956452920e+00 1.322791523699549332e+00
0.000000000000000000e+00 6.389865136171507531e-01 6.528464287774728980e-01 9.772255692528847293e-01 1.552132919134440403e+00 1.680162797952944098e+00 1.700639573241171210e+00 1.650370555206195577e+00 1.454127815718245564e+00 1.057062859301944657e+00
0.000000000000000000e+00 4.961293707600077374e-01 5.654760603557564824e-01 7.873572243171889085e-01 1.526266412658905169e+00 1.688592952389133428e+00 1.687014506440472461e+00 1.630217429885205682e+00 1.526576938178332732e+00 1.154423362789313678e+00
0.000000000000000000e+00 7.450675440504885838e-01 1.382324361428545423e+00 1.593256702656229873e+00 1.659229447386556755e+00 1.666239883492941942e+00 1.604740790073081236e+00 1.527735066024768384e+00 1.297602396889433463e+00 1.065667633942085191e+00
0.000000000000000000e+00 7.121375001030219032e-01 7.397313368076531281e-01 1.032765231439943809e+00 1.473463695906208848e+00 1.656045150056945081e+00 1.674015113829888879e+00 1.652516227638829882e+00 1.615726846582039133e+00 1.198447765289337497e+00
0.000000000000000000e+00 9.234779524947885898e-01 1.447156198050202569e+00 1.642490774197213677e+00 1.656391602395580920e+00 1.617441337679911273e+00 1.599342237608635697e+00 1.481255012243130498e+00 1.391576701752025524e+00 1.144970723593244699e+00
0.000000000000000000e+00 1.241061325796650960e+00 1.499587555080686530e+00 1.584239166872714932e+00 1.643454096844400469e+00 1.628882455213285452e+00 1.593628227904075212e+00 1.541913357977449772e+00 1.378893658235484931e+00 1.020310432259728062e+00
0.000000000000000000e+00 6.745611564124800452e-01 7.021549931171110481e-01 9.712025816866951544e-01 1.514960653339505026e+00 1.646598173645732022e+00 1.649697662695309042e+00 1.647956915661573207e+00 1.603983197009753559e+00 1.281746882417449385e+00
0.000000000000000000e+00 8.431364286950547848e-01 8.760517161340867220e-01 9.193802619376371110e-01 1.432523558404048325e+00 1.675829915649572621e+00 1.664326973482715966e+00 1.651392026814325620e+00 1.610170405112723468e+00 1.320206179406351543e+00
0.000000000000000000e+00 7.990224081332020223e-01 8.298229107766278423e-01 1.147895569875461597e+00 1.601558287926186930e+00 1.670178847270092026e+00 1.690384068361792336e+00 1.643379357450746703e+00 1.385680440912523848e+00 1.047440276057084230e+00
0.000000000000000000e+00 6.421588368282574733e-01 6.812013883882876986e-01 8.891477673346861454e-01 1.363802507580094581e+00 1.635502727630410380e+00 1.681442222863545277e+00 1.687040436700774748e+00 1.574387737466379722e+00 1.394885360894323689e+00
0.000000000000000000e+00 7.106943708836345186e-01 7.002635959314119640e-01 9.051608800017917345e-01 1.373470985850452575e+00 1.650899546724464706e+00 1.673639201346814875e+00 1.660771585898672464e+00 1.599093087039670458e+00 1.369458039158449880e+00
0.000000000000000000e+00 9.886326346297706902e-01 1.408316753155111734e+00 1.567892037429342578e+00 1.649083127614236366e+00 1.655872408573698440e+00 1.629513722960941102e+00 1.549464270769975949e+00 1.346300946971150214e+00 1.173090139640883045e+00
0.000000000000000000e+00 6.942045169481849687e-01 8.298229107766278423e-01 9.768421431456046911e-01 1.535581840997087832e+00 1.670408225338609221e+00 1.692633104388027609e+00 1.667710604284685649e+00 1.431450703426039528e+00 1.088808871912315013e+00
0.000000000000000000e+00 1.118928120018731986e+00 1.523139839138672569e+00 1.608002802797259934e+00 1.600189062531278683e+00 1.605024550371117131e+00 1.591958646462090510e+00 1.492418710158740947e+00 1.436958569792154972e+00 1.253732733925294829e+00
0.000000000000000000e+00 7.791911363824102210e-01 8.214117877584239391e-01 9.145424332602719586e-01 1.408359593617267480e+00 1.614645994923269878e+00 1.671149812340398944e+00 1.682227928044969456e+00 1.645677394091199064e+00 1.415914284693182479e+00
0.000000000000000000e+00 6.172717859821433839e-01 6.528464287774728980e-01 9.543742425975358934e-01 1.462443142606596691e+00 1.652385395087947684e+00 1.677545934679370632e+00 1.654795244101702645e+00 1.619587349831862255e+00 1.311908197689191313e+00
0.000000000000000000e+00 6.745611564124800452e-01 6.804402654821039009e-01 1.006656193311119107e+00 1.569298661885828894e+00 1.720335229507887309e+00 1.689843726903549115e+00 1.612358815546967028e+00 1.508406039253133102e+00 1.200156844440702475e+00
