0.000000000000000000e+00 2.722714159293850369e-02 5.445428318587700739e-02 8.168142477881551455e-02 1.089085663717540148e-01 1.361357079646925150e-01 1.633628495576310291e-01 1.905899911505695155e-01 2.178171327435080296e-01 2.450442743364465437e-01
8.934408784984704862e-04 3.260397456774869612e-02 6.431450825699891460e-02 9.602504194624914002e-02 1.277355756354993654e-01 1.594461093247495909e-01 1.911566430139998163e-01 2.228671767032500417e-01 2.545777103925002671e-01 2.862882440817504648e-01
7.181128046269628917e-02 9.322693295927136914e-02 1.146425854558464352e-01 1.360582379524215013e-01 1.574738904489965674e-01 1.788895429455716335e-01 2.003051954421467551e-01 2.217208479387218212e-01 2.431365004352968873e-01 2.645521529318719534e-01
0.000000000000000000e+00 2.863033818345056547e-02 5.726067636690113094e-02 8.589101455035169641e-02 1.145213527338022619e-01 1.431516909172528274e-01 1.717820291007033928e-01 2.004123672841539583e-01 2.290427054676045238e-01 2.576730436510550892e-01
7.003211028916712932e-02 9.232907951285340697e-02 1.146260487365396707e-01 1.369230179602259345e-01 1.592199871839122260e-01 1.815169564075985176e-01 2.038139256312847536e-01 2.261108948549710451e-01 2.484078640786573366e-01 2.707048333023435727e-01
6.574893078572720262e-02 8.836635329645411985e-02 1.109837758071810510e-01 1.336011983179079543e-01 1.562186208286348854e-01 1.788360433393618165e-01 2.014534658500887199e-01 2.240708883608156232e-01 2.466883108715425821e-01 2.693057333822694854e-01
0.000000000000000000e+00 2.863033818345056547e-02 5.726067636690113094e-02 8.589101455035169641e-02 1.145213527338022619e-01 1.431516909172528274e-01 1.717820291007033928e-01 2.004123672841539583e-01 2.290427054676045238e-01 2.576730436510550892e-01
0.000000000000000000e+00 2.776961111035335800e-02 5.553922222070671599e-02 8.330883333106006705e-02 1.110784444414134320e-01 1.388480555517667969e-01 1.666176666621201341e-01 1.943872777724734990e-01 2.221568888828268640e-01 2.499264999931802289e-01
0.000000000000000000e+00 2.734293279864875165e-02 5.468586559729750329e-02 8.202879839594626188e-02 1.093717311945950066e-01 1.367146639932437513e-01 1.640575967918925238e-01 1.914005295905412685e-01 2.187434623891900132e-01 2.460863951878387579e-01
0.000000000000000000e+00 3.023435303691622555e-02 6.046870607383245111e-02 9.070305911074867666e-02 1.209374121476649022e-01 1.511717651845811416e-01 1.814061182214973533e-01 2.116404712584135650e-01 2.418748242953298044e-01 2.721091773322460439e-01
1.757349574249841830e-06 2.978929990711063833e-02 5.957684246464702710e-02 8.936438502218341240e-02 1.191519275797198046e-01 1.489394701372561969e-01 1.787270126947925752e-01 2.085145552523289814e-01 2.383020978098653597e-01 2.680896403674017381e-01
6.478693369832273785e-02 8.735087996252827169e-02 1.099148262267338055e-01 1.324787724909393394e-01 1.550427187551448593e-01 1.776066650193504071e-01 2.001706112835559548e-01 2.227345575477614470e-01 2.452985038119669947e-01 2.678624500761725424e-01
0.000000000000000000e+00 2.905307438139852899e-02 5.810614876279705798e-02 8.715922314419558004e-02 1.162122975255941160e-01 1.452653719069926519e-01 1.743184462883911601e-01 2.033715206697896960e-01 2.324245950511882319e-01 2.614776694325867679e-01
7.181128046269628917e-02 9.322693295927136914e-02 1.146425854558464352e-01 1.360582379524215013e-01 1.574738904489965674e-01 1.788895429455716335e-01 2.003051954421467551e-01 2.217208479387218212e-01 2.431365004352968873e-01 2.645521529318719534e-01
8.164044108785142861e-02 1.023920180019579629e-01 1.231435949160644833e-01 1.438951718301710037e-01 1.646467487442775379e-01 1.853983256583840722e-01 2.061499025724906065e-01 2.269014794865971130e-01 2.476530564007036472e-01 2.684046333148101815e-01
0.000000000000000000e+00 2.951877007378463438e-02 5.903754014756926877e-02 8.855631022135390662e-02 1.180750802951385375e-01 1.475938503689231684e-01 1.771126204427078132e-01 2.066313905164924303e-01 2.361501605902770751e-01 2.656689306640617199e-01
0.000000000000000000e+00 2.716745629338563131e-02 5.433491258677126262e-02 8.150236888015689740e-02 1.086698251735425252e-01 1.358372814669281670e-01 1.630047377603137948e-01 1.901721940536994226e-01 2.173396503470850505e-01 2.445071066404706783e-01
0.000000000000000000e+00 3.110985119563340617e-02 6.221970239126681235e-02 9.332955358690021852e-02 1.244394047825336247e-01 1.555492559781670447e-01 1.866591071738004370e-01 2.177689583694338293e-01 2.488788095650672494e-01 2.799886607607006694e-01
0.000000000000000000e+00 2.656450271691649170e-02 5.312900543383298341e-02 7.969350815074947858e-02 1.062580108676659668e-01 1.328225135845824689e-01 1.593870163014989572e-01 1.859515190184154454e-01 2.125160217353319336e-01 2.390805244522484219e-01
0.000000000000000000e+00 2.700795343554267952e-02 5.401590687108535904e-02 8.102386030662803162e-02 1.080318137421707181e-01 1.350397671777134045e-01 1.620477206132560632e-01 1.890556740487987497e-01 2.160636274843414362e-01 2.430715809198841226e-01
6.798848147702106492e-02 9.056091500300424146e-02 1.131333485289874041e-01 1.357057820549705807e-01 1.582782155809537572e-01 1.808506491069369337e-01 2.034230826329200825e-01 2.259955161589032868e-01 2.485679496848864356e-01 2.711403832108696399e-01
0.000000000000000000e+00 2.941825577776266756e-02 5.883651155552533513e-02 8.825476733328800616e-02 1.176730231110506703e-01 1.470912788888133482e-01 1.765095346665760123e-01 2.059277904443386764e-01 2.353460462221013405e-01 2.647643019998640046e-01
7.053219237627034177e-02 9.271539867524930534e-02 1.148986049742282828e-01 1.370818112732072602e-01 1.592650175721862238e-01 1.814482238711651874e-01 2.036314301701441787e-01 2.258146364691231422e-01 2.479978427681021058e-01 2.701810490670810694e-01
0.000000000000000000e+00 2.708317280732620499e-02 5.416634561465240999e-02 8.124951842197861152e-02 1.083326912293048200e-01 1.354158640366310284e-01 1.624990368439572230e-01 1.895822096512834454e-01 2.166653824586096400e-01 2.437485552659358345e-01
0.000000000000000000e+00 2.842377783139097766e-02 5.684755566278195532e-02 8.527133349417292951e-02 1.136951113255639106e-01 1.421188891569548918e-01 1.705426669883458590e-01 1.989664448197368540e-01 2.273902226511278213e-01 2.558140004825187885e-01
0.000000000000000000e+00 2.965555189689968521e-02 5.931110379379937042e-02 8.896665569069905910e-02 1.186222075875987408e-01 1.482777594844984226e-01 1.779333113813981182e-01 2.075888632782977861e-01 2.372444151751974817e-01 2.668999670720971773e-01
