0.000000000000000000e+00 1.367076543654715870e+00 1.137242501367093261e+00 1.163379857232107017e+00 1.368950159774542374e+00 1.513443973219612104e+00 1.598603158550901293e+00 1.669422457383205716e+00 1.565933078834297998e+00 1.220111589892561188e+00
0.000000000000000000e+00 7.428571428571424384e-01 8.275681559225611661e-01 1.266960860758834073e+00 1.537410848023545551e+00 1.677116531799685673e+00 1.669548598241935577e+00 1.536737889649426592e+00 1.360531118178387899e+00 1.203732704950660315e+00
0.000000000000000000e+00 1.078783139851737349e+00 9.758261744660676751e-01 1.216901707278278177e+00 1.458054987127304303e+00 1.564117083715274026e+00 1.618124297573528159e+00 1.665954369573843241e+00 1.486561607679289354e+00 1.367010798586875575e+00
0.000000000000000000e+00 1.052588548095299004e+00 1.007496814964313980e+00 1.281333182292598183e+00 1.546553424655141562e+00 1.643404201025302047e+00 1.620739850543588823e+00 1.534967610145536066e+00 1.468772916969483644e+00 1.139242360943546029e+00
0.000000000000000000e+00 4.917399080713886761e-01 1.013900165174266510e+00 1.340065014163708934e+00 1.496439764854684107e+00 1.560658646375896019e+00 1.598285065259020588e+00 1.615438059595637688e+00 1.582065876676541638e+00 1.332239146719645051e+00
0.000000000000000000e+00 1.207126944739778773e+00 1.348424948292905157e+00 1.448413960468818429e+00 1.500063409087570188e+00 1.567381113432728235e+00 1.518436941929727002e+00 1.511985825704937447e+00 1.548480549487840863e+00 1.413466063780517867e+00
0.000000000000000000e+00 1.052588548095299004e+00 1.007496814964313980e+00 1.281333182292598183e+00 1.546553424655141562e+00 1.643404201025302047e+00 1.620739850543588823e+00 1.534967610145536066e+00 1.468772916969483644e+00 1.139242360943546029e+00
0.000000000000000000e+00 1.411168426611962179e+00 1.134398624979923831e+00 1.230470750388993562e+00 1.448553632429860460e+00 1.603187126534554974e+00 1.626901354049988369e+00 1.609429906824672241e+00 1.470089080231175904e+00 1.215123571799451074e+00
0.000000000000000000e+00 1.235228733888644959e+00 1.222740388062141692e+00 1.346159776540488018e+00 1.487237673414806061e+00 1.621206944140728190e+00 1.668392847326983786e+00 1.644846420867958514e+00 1.281422752401374154e+00 1.010103809585627177e+00
0.000000000000000000e+00 1.205098987086658191e+00 1.239483764326421378e+00 1.396248570804045741e+00 1.574696004522725623e+00 1.663249812540696260e+00 1.612495339412170603e+00 1.512767471989612478e+00 1.261890638654356023e+00 1.222474078364944372e+00
0.000000000000000000e+00 1.318549506409555150e+00 1.049120653124550939e+00 1.291774453431978831e+00 1.438165285192699594e+00 1.511205090685542318e+00 1.640458218064117624e+00 1.611364940257113298e+00 1.460662442723519749e+00 1.331468990409609754e+00
0.000000000000000000e+00 1.328782806303574704e+00 1.167314668285958978e+00 1.383530153048009081e+00 1.521486295759828522e+00 1.607240697841626043e+00 1.588691472355363121e+00 1.459279265207898524e+00 1.423091946623500137e+00 1.276617666710543775e+00
0.000000000000000000e+00 1.209354790008912772e+00 1.115409528721088561e+00 1.284264810815977986e+00 1.465903770554764174e+00 1.539017258584836734e+00 1.610386050495081989e+00 1.628522305248016888e+00 1.520126458107309508e+00 1.252954118575055231e+00
0.000000000000000000e+00 1.078783139851737349e+00 9.758261744660676751e-01 1.216901707278278177e+00 1.458054987127304303e+00 1.564117083715274026e+00 1.618124297573528159e+00 1.665954369573843241e+00 1.486561607679289354e+00 1.367010798586875575e+00
0.000000000000000000e+00 1.068637991137438847e+00 1.032319886566064993e+00 1.164611089051759141e+00 1.445937722758078747e+00 1.598784378867735834e+00 1.625879200227850596e+00 1.610409687990772776e+00 1.585800962122531299e+00 1.324026975842087284e+00
0.000000000000000000e+00 1.229622131722514222e+00 9.176065920301812451e-01 1.291285972130313375e+00 1.500919971120557417e+00 1.603569056440473206e+00 1.611897355421401778e+00 1.561318511192607339e+00 1.497330695460572292e+00 1.285470952283916057e+00
0.000000000000000000e+00 1.347434851591542859e+00 1.218754755624044339e+00 1.222126786023352008e+00 1.401057205670708017e+00 1.496624934032421361e+00 1.627045963231218195e+00 1.635350817555189629e+00 1.555484251257082118e+00 1.340817045868226476e+00
0.000000000000000000e+00 1.096129370760007493e+00 9.406932387679500795e-01 1.304800783701537847e+00 1.506574007977806051e+00 1.654033612165749068e+00 1.692597139529683714e+00 1.554446623346184886e+00 1.403817214119306378e+00 1.207315873118903315e+00
0.000000000000000000e+00 1.506460664696417595e+00 1.181551662141353987e+00 1.208604740445794912e+00 1.441171943201138506e+00 1.600744869207583854e+00 1.548325907620111463e+00 1.499152121672155946e+00 1.452523570861778968e+00 1.179622379328228998e+00
0.000000000000000000e+00 1.413418342559396468e+00 1.131701384184330861e+00 1.270952460933397310e+00 1.472223292925669336e+00 1.640404075890111502e+00 1.625727984530724424e+00 1.494888183081225286e+00 1.387161564497085386e+00 9.450575477582512374e-01
0.000000000000000000e+00 1.030058445581426785e+00 8.525772057606143539e-01 1.257031561034198219e+00 1.437768590625327692e+00 1.529563214951667138e+00 1.614516109657377685e+00 1.611478974568548939e+00 1.554198514370345174e+00 1.334814098777934888e+00
0.000000000000000000e+00 1.098305918506689682e+00 1.054873298483853583e+00 1.257696242509436901e+00 1.442306369020370793e+00 1.617696751346855644e+00 1.673590258942400100e+00 1.621514855755181506e+00 1.472251068091268378e+00 1.018505155063216261e+00
0.000000000000000000e+00 7.239957143681318152e-01 8.678019292340291013e-01 1.343909315273380978e+00 1.454354577078929456e+00 1.647750496040275792e+00 1.624852442303377886e+00 1.606880713298940666e+00 1.515344357457154123e+00 1.303823263864293036e+00
0.000000000000000000e+00 1.502321467979431224e+00 1.224180907593051204e+00 1.248869427151864553e+00 1.476231672961266783e+00 1.578918629478916369e+00 1.656121073778117347e+00 1.580524950082778268e+00 1.368165339243530010e+00 7.823900537161884161e-01
0.000000000000000000e+00 9.989810102055942664e-01 1.004382799083650690e+00 1.289173707353375775e+00 1.467172344429231279e+00 1.630371104476428856e+00 1.732015420894996938e+00 1.562590942092063173e+00 1.392787735194531251e+00 1.101372171140728939e+00
0.000000000000000000e+00 1.584229538028000928e+00 9.900043210532325499e-01 1.289763329777938505e+00 1.430761838284068777e+00 1.602824792984694380e+00 1.646384834284764009e+00 1.503494199379230123e+00 1.280820187508104446e+00 1.140459291759012395e+00
