0.000000000000000000e+00 2.592124852391805220e-02 5.184249704783610441e-02 7.776374557175415314e-02 1.036849940956722088e-01 1.296062426195902506e-01 1.555274911435083063e-01 1.814487396674263620e-01 2.073699881913444176e-01 2.332912367152624733e-01
8.934408784984704862e-04 3.185340558388740501e-02 6.281337028927633237e-02 9.377333499466526667e-02 1.247332997000542010e-01 1.556932644054431214e-01 1.866532291108320696e-01 2.176131938162210178e-01 2.485731585216099382e-01 2.795331232269988586e-01
0.000000000000000000e+00 2.871019956040538751e-02 5.742039912081077502e-02 8.613059868121616947e-02 1.148407982416215500e-01 1.435509978020269306e-01 1.722611973624323389e-01 2.009713969228377195e-01 2.296815964832431001e-01 2.583917960436484806e-01
0.000000000000000000e+00 3.010145116040245650e-02 6.020290232080491299e-02 9.030435348120736949e-02 1.204058046416098260e-01 1.505072558020122964e-01 1.806087069624147390e-01 2.107101581228171816e-01 2.408116092832196520e-01 2.709130604436221224e-01
1.395310842774394322e-02 4.213915687011137584e-02 7.032520531247880846e-02 9.851125375484623414e-02 1.266973021972136737e-01 1.548833506395811133e-01 1.830693990819485251e-01 2.112554475243159646e-01 2.394414959666834042e-01 2.676275444090508437e-01
5.313080323307499409e-02 7.629590418549890563e-02 9.946100513792281717e-02 1.226261060903467287e-01 1.457912070427706541e-01 1.689563079951945657e-01 1.921214089476184772e-01 2.152865099000423887e-01 2.384516108524663003e-01 2.616167118048902118e-01
0.000000000000000000e+00 3.010145116040245650e-02 6.020290232080491299e-02 9.030435348120736949e-02 1.204058046416098260e-01 1.505072558020122964e-01 1.806087069624147390e-01 2.107101581228171816e-01 2.408116092832196520e-01 2.709130604436221224e-01
0.000000000000000000e+00 2.920190534079561070e-02 5.840381068159122141e-02 8.760571602238682865e-02 1.168076213631824428e-01 1.460095267039780431e-01 1.752114320447736573e-01 2.044133373855692715e-01 2.336152427263648856e-01 2.628171480671604998e-01
0.000000000000000000e+00 2.952337000372284859e-02 5.904674000744569717e-02 8.857011001116854576e-02 1.180934800148913943e-01 1.476168500186142429e-01 1.771402200223370915e-01 2.066635900260599401e-01 2.361869600297827887e-01 2.657103300335056373e-01
0.000000000000000000e+00 2.897028937833127926e-02 5.794057875666255852e-02 8.691086813499383779e-02 1.158811575133251170e-01 1.448514468916564102e-01 1.738217362699876756e-01 2.027920256483189410e-01 2.317623150266502341e-01 2.607326044049815272e-01
0.000000000000000000e+00 2.927781034495369888e-02 5.855562068990739777e-02 8.783343103486110359e-02 1.171112413798147955e-01 1.463890517247684875e-01 1.756668620697222072e-01 2.049446724146758991e-01 2.342224827596295911e-01 2.635002931045832830e-01
0.000000000000000000e+00 2.892703021552599230e-02 5.785406043105198459e-02 8.678109064657797689e-02 1.157081208621039692e-01 1.446351510776299754e-01 1.735621812931559538e-01 2.024892115086819322e-01 2.314162417242079384e-01 2.603432719397339445e-01
0.000000000000000000e+00 3.042081366140676757e-02 6.084162732281353514e-02 9.126244098422030271e-02 1.216832546456270703e-01 1.521040683070338240e-01 1.825248819684406054e-01 2.129456956298473869e-01 2.433665092912541406e-01 2.737873229526608942e-01
0.000000000000000000e+00 2.871019956040538751e-02 5.742039912081077502e-02 8.613059868121616947e-02 1.148407982416215500e-01 1.435509978020269306e-01 1.722611973624323389e-01 2.009713969228377195e-01 2.296815964832431001e-01 2.583917960436484806e-01
0.000000000000000000e+00 2.887655698120920530e-02 5.775311396241841061e-02 8.662967094362761244e-02 1.155062279248368212e-01 1.443827849060460300e-01 1.732593418872552249e-01 2.021358988684644475e-01 2.310124558496736424e-01 2.598890128308828373e-01
0.000000000000000000e+00 2.936681226647089651e-02 5.873362453294179303e-02 8.810043679941269301e-02 1.174672490658835861e-01 1.468340613323544930e-01 1.762008735988253860e-01 2.055676858652962791e-01 2.349344981317671721e-01 2.643013103982380652e-01
0.000000000000000000e+00 2.387234731379936706e-02 4.774469462759873412e-02 7.161704194139810464e-02 9.548938925519746823e-02 1.193617365689968318e-01 1.432340838827962093e-01 1.671064311965955729e-01 1.909787785103949365e-01 2.148511258241943001e-01
0.000000000000000000e+00 3.220666174841359947e-02 6.441332349682719893e-02 9.661998524524079146e-02 1.288266469936543979e-01 1.610333087420680043e-01 1.932399704904815829e-01 2.254466322388951893e-01 2.576532939873087957e-01 2.898599557357223744e-01
0.000000000000000000e+00 2.677328806791922852e-02 5.354657613583845704e-02 8.031986420375768210e-02 1.070931522716769141e-01 1.338664403395961322e-01 1.606397284075153642e-01 1.874130164754345962e-01 2.141863045433538282e-01 2.409595926112730602e-01
0.000000000000000000e+00 2.646777548083176571e-02 5.293555096166353141e-02 7.940332644249530059e-02 1.058711019233270628e-01 1.323388774041588389e-01 1.588066528849906012e-01 1.852744283658223634e-01 2.117422038466541256e-01 2.382099793274858879e-01
0.000000000000000000e+00 2.994665830070446233e-02 5.989331660140892466e-02 8.983997490211338699e-02 1.197866332028178493e-01 1.497332915035223255e-01 1.796799498042267740e-01 2.096266081049312224e-01 2.395732664056356986e-01 2.695199247063401748e-01
0.000000000000000000e+00 2.896308917567329277e-02 5.792617835134658555e-02 8.688926752701987832e-02 1.158523567026931711e-01 1.448154458783664777e-01 1.737785350540397566e-01 2.027416242297130355e-01 2.317047134053863422e-01 2.606678025810596488e-01
5.969968013342403926e-05 2.916444874968117384e-02 5.826919781922892255e-02 8.737394688877667126e-02 1.164786959583244130e-01 1.455834450278721548e-01 1.746881940974199243e-01 2.037929431669676661e-01 2.328976922365154079e-01 2.620024413060631496e-01
0.000000000000000000e+00 3.046339144257318235e-02 6.092678288514636470e-02 9.139017432771955052e-02 1.218535657702927294e-01 1.523169572128659222e-01 1.827803486554391010e-01 2.132437400980122799e-01 2.437071315405854588e-01 2.741705229831586377e-01
0.000000000000000000e+00 2.788046008489432695e-02 5.576092016978865390e-02 8.364138025468298432e-02 1.115218403395773078e-01 1.394023004244716313e-01 1.672827605093659686e-01 1.951632205942602782e-01 2.230436806791546156e-01 2.509241407640489530e-01
0.000000000000000000e+00 2.895470798393613016e-02 5.790941596787226031e-02 8.686412395180839741e-02 1.158188319357445206e-01 1.447735399196806438e-01 1.737282479036167948e-01 2.026829558875529180e-01 2.316376638714890412e-01 2.605923718554251645e-01
