0.000000000000000000e+00 8.462231365795725990e-01 8.948009351738372974e-01 1.038010661191671069e+00 1.520457539404051817e+00 1.701991837900049376e+00 1.687241451564488237e+00 1.621043678347337424e+00 1.550474623352158243e+00 1.112277354189745493e+00
0.000000000000000000e+00 7.397313368076531281e-01 7.021549931171110481e-01 1.057486555480632084e+00 1.628046492752287078e+00 1.745933567898981131e+00 1.675364855115496709e+00 1.590082324112541468e+00 1.372844502500979669e+00 1.042819144071263304e+00
0.000000000000000000e+00 6.443070510109495386e-01 1.388532363430285077e+00 1.653208848422115240e+00 1.677392279123138596e+00 1.607237524911730775e+00 1.542399024501197813e+00 1.513743137564913077e+00 1.445787615145100347e+00 1.149359642392507208e+00
0.000000000000000000e+00 8.282303140467121016e-01 8.249800851693486203e-01 1.000170939989491359e+00 1.427258919990985309e+00 1.706107904198127301e+00 1.684978338376973195e+00 1.613847118338044062e+00 1.495529412477157427e+00 1.224028775685794823e+00
0.000000000000000000e+00 8.733060743180974805e-01 1.362647895403934495e+00 1.628168246088118609e+00 1.678307184830459819e+00 1.591859391050145511e+00 1.542981928957376736e+00 1.544398307457131025e+00 1.435276944695261570e+00 1.121581291451778872e+00
0.000000000000000000e+00 9.649640058415485111e-01 1.384138717318643907e+00 1.626280465780589157e+00 1.664951499106941846e+00 1.607237524911730775e+00 1.551243499956402427e+00 1.495346878324476769e+00 1.440345862857324466e+00 1.247673106053055037e+00
0.000000000000000000e+00 8.282303140467121016e-01 8.249800851693486203e-01 1.000170939989491359e+00 1.427258919990985309e+00 1.706107904198127301e+00 1.684978338376973195e+00 1.613847118338044062e+00 1.495529412477157427e+00 1.224028775685794823e+00
0.000000000000000000e+00 9.013299889889980765e-01 8.420389176634490713e-01 9.577771839273782062e-01 1.410652577099406280e+00 1.703111945502504998e+00 1.715841707357356860e+00 1.635167741920766638e+00 1.483712494409885618e+00 1.112869179188997526e+00
0.000000000000000000e+00 8.607881367031993136e-01 9.051342858791205925e-01 9.964063312650346393e-01 1.435766403117587631e+00 1.726150747794435114e+00 1.700758595682851704e+00 1.610415283966497801e+00 1.550812634615519991e+00 1.165495852056245285e+00
0.000000000000000000e+00 5.929967857760988226e-01 5.654760603557564824e-01 9.405503313062124615e-01 1.501523992763886373e+00 1.715622632270000558e+00 1.679514543552260930e+00 1.613792876196620041e+00 1.567440466948302191e+00 1.209598703973759237e+00
0.000000000000000000e+00 4.961293707600077374e-01 6.285714285714281147e-01 1.011950288000320608e+00 1.506457836445673548e+00 1.694555856694048623e+00 1.658810030168564209e+00 1.599244483242418413e+00 1.573861164154960024e+00 1.228059746520118622e+00
0.000000000000000000e+00 1.074338450557238422e+00 1.500365509033595224e+00 1.683871223726345123e+00 1.626913116020734629e+00 1.575666867264323701e+00 1.544232990155781415e+00 1.497726471152987848e+00 1.369588387764022253e+00 1.085624586077515996e+00
0.000000000000000000e+00 7.397313368076531281e-01 7.397313368076531281e-01 9.911370578039653267e-01 1.468941056491115837e+00 1.686847791640186722e+00 1.693320283176805052e+00 1.634933793904263855e+00 1.565114673730226613e+00 1.195686317403580112e+00
0.000000000000000000e+00 6.443070510109495386e-01 1.388532363430285077e+00 1.653208848422115240e+00 1.677392279123138596e+00 1.607237524911730775e+00 1.542399024501197813e+00 1.513743137564913077e+00 1.445787615145100347e+00 1.149359642392507208e+00
0.000000000000000000e+00 1.013409474123358578e+00 1.421403629883069453e+00 1.628668315701160996e+00 1.654304042885112347e+00 1.626083970434956782e+00 1.595876434654838638e+00 1.553814463205000829e+00 1.371904150158719471e+00 1.120825826829579208e+00
0.000000000000000000e+00 7.217983536528160826e-01 6.528464287774728980e-01 9.644984684889585935e-01 1.457148302475662405e+00 1.706632296729194476e+00 1.679789272062867989e+00 1.592524291867633890e+00 1.548681482270266141e+00 1.241119597681878961e+00
0.000000000000000000e+00 8.938346432898359728e-01 8.319832993932495535e-01 1.008264545530144884e+00 1.503240273421079465e+00 1.733757554021326142e+00 1.692815887036758005e+00 1.638668336238189971e+00 1.486275444884522789e+00 1.061683289171164946e+00
0.000000000000000000e+00 7.439078460082286792e-01 7.964086565979202614e-01 1.047727722170995968e+00 1.592662679833015682e+00 1.725524052693484522e+00 1.662481273921317060e+00 1.580313465859888300e+00 1.348228822288865425e+00 1.112262021089786668e+00
0.000000000000000000e+00 6.421588368282574733e-01 7.083332032128990541e-01 8.485721298163784176e-01 1.533327046060419363e+00 1.710505193241036004e+00 1.698168446987866842e+00 1.632686977232810310e+00 1.528655107940379843e+00 1.012401096034434067e+00
0.000000000000000000e+00 7.106943708836345186e-01 6.647046430425825880e-01 7.651304421679743228e-01 1.480171042465244335e+00 1.723082464851265483e+00 1.662966577180071681e+00 1.616028148860161107e+00 1.572297566782994815e+00 1.131549109751050386e+00
0.000000000000000000e+00 1.090767435438600996e+00 1.541475496913439436e+00 1.644567426223910944e+00 1.619856397968259420e+00 1.557349146655427674e+00 1.542159568614035692e+00 1.537644286237863200e+00 1.382324361428545423e+00 1.173611250643046722e+00
0.000000000000000000e+00 7.121375001030219032e-01 8.696375487500477286e-01 9.956570544729977934e-01 1.501666911045510977e+00 1.698507979828292047e+00 1.668493414536905251e+00 1.645324194646064608e+00 1.533208972299528128e+00 1.205479371629451180e+00
0.000000000000000000e+00 1.045272916003809449e+00 1.430046517711917931e+00 1.666947766581200474e+00 1.647719794586016917e+00 1.593973281413082033e+00 1.507711282321750668e+00 1.501429525939462994e+00 1.486537137887983917e+00 1.251341092489967499e+00
0.000000000000000000e+00 9.013299889889980765e-01 8.856394583995922387e-01 9.609882756950861582e-01 1.467547337953247544e+00 1.703148802547045593e+00 1.699367413015209216e+00 1.656962655101068771e+00 1.518564187045858160e+00 9.230740624217789181e-01
0.000000000000000000e+00 7.990224081332020223e-01 8.012514822051991503e-01 8.781272891267971614e-01 1.469115318658853919e+00 1.709675122896744170e+00 1.706067174870491643e+00 1.634347809546882857e+00 1.535915038477335015e+00 1.225280099536114609e+00
0.000000000000000000e+00 6.942045169481849687e-01 6.285714285714281147e-01 1.043773846863977228e+00 1.518142351207097951e+00 1.698022815540973562e+00 1.675675092415890299e+00 1.601010633047581289e+00 1.564017585479625660e+00 1.327362713847471287e+00
