0.000000000000000000e+00 2.896295273284573910e-02 5.792590546569147819e-02 8.688885819853721382e-02 1.158518109313829564e-01 1.448147636642286851e-01 1.737777163970744276e-01 2.027406691299201702e-01 2.317036218627659128e-01 2.606665745956116553e-01
8.934408784984704862e-04 3.249410730585459289e-02 6.409477373321070814e-02 9.569544016056683033e-02 1.272961065879229525e-01 1.588967730152790747e-01 1.904974394426351969e-01 2.220981058699913191e-01 2.536987722973474413e-01 2.852994387247035357e-01
7.075985682364772933e-02 9.225913945964081542e-02 1.137584220956338876e-01 1.352577047316269598e-01 1.567569873676200598e-01 1.782562700036131598e-01 1.997555526396062042e-01 2.212548352755993042e-01 2.427541179115924042e-01 2.642534005475854486e-01
0.000000000000000000e+00 2.887069580929792212e-02 5.774139161859584424e-02 8.661208742789376636e-02 1.154827832371916885e-01 1.443534790464895967e-01 1.732241748557875327e-01 2.020948706650854687e-01 2.309655664743833769e-01 2.598362622836812852e-01
7.067366938949101729e-02 9.286843715054839132e-02 1.150632049116057654e-01 1.372579726726631533e-01 1.594527404337205134e-01 1.816475081947778736e-01 2.038422759558352615e-01 2.260370437168926216e-01 2.482318114779500096e-01 2.704265792390073697e-01
6.635576701439598046e-02 8.918710911074563541e-02 1.120184512070952765e-01 1.348497933034449314e-01 1.576811353997945864e-01 1.805124774961442413e-01 2.033438195924938685e-01 2.261751616888435512e-01 2.490065037851931784e-01 2.718378458815428611e-01
0.000000000000000000e+00 2.887069580929792212e-02 5.774139161859584424e-02 8.661208742789376636e-02 1.154827832371916885e-01 1.443534790464895967e-01 1.732241748557875327e-01 2.020948706650854687e-01 2.309655664743833769e-01 2.598362622836812852e-01
0.000000000000000000e+00 2.882507023993430978e-02 5.765014047986861956e-02 8.647521071980293628e-02 1.153002809597372391e-01 1.441253511996715420e-01 1.729504214396058726e-01 2.017754916795401754e-01 2.306005619194744782e-01 2.594256321594087811e-01
0.000000000000000000e+00 2.897297371380434805e-02 5.794594742760869610e-02 8.691892114141304415e-02 1.158918948552173922e-01 1.448648685690217541e-01 1.738378422828260883e-01 2.028108159966304225e-01 2.317837897104347844e-01 2.607567634242391463e-01
0.000000000000000000e+00 2.986293537367423756e-02 5.972587074734847512e-02 8.958880612102271268e-02 1.194517414946969502e-01 1.493146768683711878e-01 1.791776122420454254e-01 2.090405476157196629e-01 2.389034829893939005e-01 2.687664183630681380e-01
1.757349574249841830e-06 3.012490630280164131e-02 6.024805525602903306e-02 9.037120420925642827e-02 1.204943531624838166e-01 1.506175021157112048e-01 1.807406510689386070e-01 2.108638000221659814e-01 2.409869489753933836e-01 2.711100979286207857e-01
8.039169785427946469e-02 1.014539214220687852e-01 1.225161449898581056e-01 1.435783685576474400e-01 1.646405921254367466e-01 1.857028156932260810e-01 2.067650392610154153e-01 2.278272628288047219e-01 2.488894863965940563e-01 2.699517099643833906e-01
0.000000000000000000e+00 2.929147996183137717e-02 5.858295992366275434e-02 8.787443988549413498e-02 1.171659198473255087e-01 1.464573998091568963e-01 1.757488797709882700e-01 2.050403597328196437e-01 2.343318396946510174e-01 2.636233196564823911e-01
7.075985682364772933e-02 9.225913945964081542e-02 1.137584220956338876e-01 1.352577047316269598e-01 1.567569873676200598e-01 1.782562700036131598e-01 1.997555526396062042e-01 2.212548352755993042e-01 2.427541179115924042e-01 2.642534005475854486e-01
7.644442362951950343e-02 9.752096508369388628e-02 1.185975065378682691e-01 1.396740479920426381e-01 1.607505894462170071e-01 1.818271309003914038e-01 2.029036723545657728e-01 2.239802138087401695e-01 2.450567552629145385e-01 2.661332967170889074e-01
0.000000000000000000e+00 2.944167111422487867e-02 5.888334222844975735e-02 8.832501334267463255e-02 1.177666844568995147e-01 1.472083555711243830e-01 1.766500266853492651e-01 2.060916977995741473e-01 2.355333689137990294e-01 2.649750400280239115e-01
0.000000000000000000e+00 2.952466270859853414e-02 5.904932541719706829e-02 8.857398812579560243e-02 1.180986508343941366e-01 1.476233135429926846e-01 1.771479762515912049e-01 2.066726389601897251e-01 2.361973016687882732e-01 2.657219643773868212e-01
0.000000000000000000e+00 3.115198094792858557e-02 6.230396189585717115e-02 9.345594284378574979e-02 1.246079237917143423e-01 1.557599047396429348e-01 1.869118856875714996e-01 2.180638666355000921e-01 2.492158475834286846e-01 2.803678285313572771e-01
0.000000000000000000e+00 2.978455929648548411e-02 5.956911859297096823e-02 8.935367788945644540e-02 1.191382371859419365e-01 1.489227964824274275e-01 1.787073557789128908e-01 2.084919150753983819e-01 2.382764743718838729e-01 2.680610336683693640e-01
0.000000000000000000e+00 2.950170689394670392e-02 5.900341378789340785e-02 8.850512068184010483e-02 1.180068275757868157e-01 1.475085344697335266e-01 1.770102413636802097e-01 2.065119482576269205e-01 2.360136551515736314e-01 2.655153620455203423e-01
8.119060152801801933e-02 1.022362749061597187e-01 1.232819482843014181e-01 1.443276216624431174e-01 1.653732950405848168e-01 1.864189684187265161e-01 2.074646417968682155e-01 2.285103151750099149e-01 2.495559885531516142e-01 2.706016619312933136e-01
0.000000000000000000e+00 2.949495760015407447e-02 5.898991520030814895e-02 8.848487280046221648e-02 1.179798304006162979e-01 1.474747880007703793e-01 1.769697456009244330e-01 2.064647032010785144e-01 2.359596608012325958e-01 2.654546184013866772e-01
7.118616778524558542e-02 9.340510683597173791e-02 1.156240458866978904e-01 1.378429849374240290e-01 1.600619239881501954e-01 1.822808630388763618e-01 2.044998020896025004e-01 2.267187411403286668e-01 2.489376801910548054e-01 2.711566192417809718e-01
0.000000000000000000e+00 2.932378272397025490e-02 5.864756544794050980e-02 8.797134817191076817e-02 1.172951308958810196e-01 1.466189136198512710e-01 1.759426963438215363e-01 2.052664790677917739e-01 2.345902617917620392e-01 2.639140445157323045e-01
0.000000000000000000e+00 2.918043503889536719e-02 5.836087007779073438e-02 8.754130511668610504e-02 1.167217401555814688e-01 1.459021751944768464e-01 1.750826102333722101e-01 2.042630452722675738e-01 2.334434803111629375e-01 2.626239153500583012e-01
0.000000000000000000e+00 2.961049062748441832e-02 5.922098125496883664e-02 8.883147188245325843e-02 1.184419625099376733e-01 1.480524531374221020e-01 1.776629437649065169e-01 2.072734343923909317e-01 2.368839250198753466e-01 2.664944156473597614e-01
