0.000000000000000000e+00 2.366966668590025566e-02 4.733933337180051132e-02 7.100900005770076351e-02 9.467866674360102264e-02 1.183483334295012818e-01 1.420180001154015270e-01 1.656876668013017861e-01 1.893573334872020453e-01 2.130270001731023044e-01
1.945447246621032051e-05 3.128983802239374001e-02 6.256022157232127290e-02 9.383060512224880578e-02 1.251009886721763387e-01 1.563713722221038716e-01 1.876417557720314044e-01 2.189121393219589373e-01 2.501825228718864702e-01 2.814529064218139753e-01
0.000000000000000000e+00 2.844546028895457782e-02 5.689092057790915563e-02 8.533638086686373692e-02 1.137818411558183113e-01 1.422273014447728856e-01 1.706727617337274738e-01 1.991182220226820343e-01 2.275636823116366225e-01 2.560091426005912107e-01
0.000000000000000000e+00 3.040130958130261157e-02 6.080261916260522315e-02 9.120392874390784166e-02 1.216052383252104463e-01 1.520065479065130509e-01 1.824078574878156833e-01 2.128091670691182880e-01 2.432104766504208926e-01 2.736117862317234972e-01
2.175028790643578763e-02 5.018456947773354548e-02 7.861885104903131027e-02 1.070531326203290612e-01 1.354874141916268260e-01 1.639216957629245908e-01 1.923559773342223556e-01 2.207902589055201203e-01 2.492245404768178851e-01 2.776588220481156499e-01
5.981870035966802696e-02 8.388980399363743512e-02 1.079609076276068225e-01 1.320320112615762376e-01 1.561031148955456249e-01 1.801742185295150400e-01 2.042453221634844274e-01 2.283164257974538147e-01 2.523875294314232298e-01 2.764586330653926449e-01
0.000000000000000000e+00 3.040130958130261157e-02 6.080261916260522315e-02 9.120392874390784166e-02 1.216052383252104463e-01 1.520065479065130509e-01 1.824078574878156833e-01 2.128091670691182880e-01 2.432104766504208926e-01 2.736117862317234972e-01
0.000000000000000000e+00 2.942874372056133656e-02 5.885748744112267311e-02 8.828623116168400620e-02 1.177149748822453462e-01 1.471437186028066724e-01 1.765724623233680124e-01 2.060012060439293524e-01 2.354299497644906924e-01 2.648586934850520325e-01
0.000000000000000000e+00 2.910229554838371369e-02 5.820459109676742737e-02 8.730688664515114106e-02 1.164091821935348547e-01 1.455114777419185823e-01 1.746137732903022821e-01 2.037160688386859819e-01 2.328183643870697095e-01 2.619206599354534371e-01
0.000000000000000000e+00 2.931910807876257630e-02 5.863821615752515259e-02 8.795732423628772889e-02 1.172764323150503052e-01 1.465955403938128954e-01 1.759146484725754578e-01 2.052337565513380202e-01 2.345528646301006104e-01 2.638719727088632006e-01
1.757349574249841830e-06 2.931814943828729703e-02 5.863454152700034450e-02 8.795093361571339197e-02 1.172673257044264394e-01 1.465837177931395008e-01 1.759001098818525344e-01 2.052165019705655680e-01 2.345328940592786293e-01 2.638492861479916907e-01
2.062111691600099079e-05 2.919806889230812386e-02 5.837551666770025155e-02 8.755296444309237924e-02 1.167304122184845000e-01 1.459078599938766208e-01 1.750853077692687554e-01 2.042627555446608623e-01 2.334402033200529969e-01 2.626176510954451038e-01
0.000000000000000000e+00 3.112928160486433393e-02 6.225856320972866786e-02 9.338784481459300180e-02 1.245171264194573357e-01 1.556464080243216697e-01 1.867756896291860036e-01 2.179049712340503375e-01 2.490342528389146715e-01 2.801635344437790054e-01
0.000000000000000000e+00 2.844546028895457782e-02 5.689092057790915563e-02 8.533638086686373692e-02 1.137818411558183113e-01 1.422273014447728856e-01 1.706727617337274738e-01 1.991182220226820343e-01 2.275636823116366225e-01 2.560091426005912107e-01
4.607796612061919317e-02 7.191433755927985338e-02 9.775070899794049972e-02 1.235870804366011599e-01 1.494234518752618202e-01 1.752598233139224804e-01 2.010961947525831128e-01 2.269325661912438008e-01 2.527689376299044333e-01 2.786053090685651212e-01
0.000000000000000000e+00 2.953997768976645427e-02 5.907995537953290854e-02 8.861993306929935588e-02 1.181599107590658171e-01 1.476998884488322783e-01 1.772398661385987118e-01 2.067798438283651730e-01 2.363198215181316342e-01 2.658597992078980954e-01
0.000000000000000000e+00 2.273392889902486891e-02 4.546785779804973782e-02 6.820178669707460672e-02 9.093571559609947563e-02 1.136696444951243445e-01 1.364035733941492134e-01 1.591375022931740824e-01 1.818714311921989513e-01 2.046053600912238202e-01
0.000000000000000000e+00 3.166411897111584550e-02 6.332823794223169100e-02 9.499235691334753651e-02 1.266564758844633820e-01 1.583205948555792275e-01 1.899847138266950730e-01 2.216488327978109185e-01 2.533129517689267640e-01 2.849770707400426373e-01
0.000000000000000000e+00 2.390134335323621656e-02 4.780268670647243312e-02 7.170403005970865662e-02 9.560537341294486624e-02 1.195067167661810759e-01 1.434080601194173132e-01 1.673094034726535229e-01 1.912107468258897325e-01 2.151120901791259421e-01
0.000000000000000000e+00 2.293372327911353398e-02 4.586744655822706795e-02 6.880116983734060887e-02 9.173489311645413591e-02 1.146686163955676629e-01 1.376023396746812177e-01 1.605360629537947448e-01 1.834697862329082718e-01 2.064035095120217989e-01
0.000000000000000000e+00 2.926934383226805977e-02 5.853868766453611955e-02 8.780803149680417585e-02 1.170773753290722391e-01 1.463467191613402885e-01 1.756160629936083517e-01 2.048854068258764149e-01 2.341547506581444782e-01 2.634240944904125414e-01
0.000000000000000000e+00 2.896308963582995902e-02 5.792617927165991804e-02 8.688926890748988052e-02 1.158523585433198361e-01 1.448154481791497916e-01 1.737785378149797610e-01 2.027416274508097027e-01 2.317047170866396721e-01 2.606678067224696416e-01
0.000000000000000000e+00 2.913274936473718435e-02 5.826549872947436870e-02 8.739824809421155305e-02 1.165309974589487374e-01 1.456637468236859356e-01 1.747964961884231061e-01 2.039292455531602766e-01 2.330619949178974748e-01 2.621947442826346730e-01
0.000000000000000000e+00 2.919284483904911742e-02 5.838568967809823484e-02 8.757853451714735227e-02 1.167713793561964697e-01 1.459642241952455732e-01 1.751570690342947045e-01 2.043499138733438358e-01 2.335427587123929394e-01 2.627356035514420429e-01
0.000000000000000000e+00 2.918062155702437488e-02 5.836124311404874976e-02 8.754186467107312464e-02 1.167224862280974995e-01 1.459031077851218883e-01 1.750837293421462493e-01 2.042643508991706103e-01 2.334449724561949990e-01 2.626255940132193878e-01
0.000000000000000000e+00 2.906691044897950771e-02 5.813382089795901542e-02 8.720073134693852313e-02 1.162676417959180308e-01 1.453345522448975524e-01 1.744014626938770463e-01 2.034683731428565401e-01 2.325352835918360617e-01 2.616021940408155833e-01
