0.000000000000000000e+00 1.570515871997675283e+00 1.248032865864345586e+00 1.448820017282958172e+00 1.538658144220047319e+00 1.373388431149880518e+00 1.448220060450627678e+00 1.445864846622160416e+00 1.427156503848631353e+00 1.182436570877805515e+00
0.000000000000000000e+00 1.031573799983538597e+00 1.042619906326431201e+00 1.296301978053651549e+00 1.584454790469750352e+00 1.721705123358388878e+00 1.622756455137540854e+00 1.442030675542222085e+00 1.319370839178809485e+00 1.059133209543869913e+00
0.000000000000000000e+00 1.076050802793484529e+00 1.090707289624748277e+00 1.276259948685359857e+00 1.533010669600899378e+00 1.645389636352914131e+00 1.625040172293002572e+00 1.449123771799349036e+00 1.376341427066406720e+00 1.265435121703266663e+00
0.000000000000000000e+00 1.124700799331436185e+00 8.721094153747100952e-01 1.266246303134077378e+00 1.514335328123795010e+00 1.598816558269415156e+00 1.675294829119579276e+00 1.592373550392835790e+00 1.470192347210246275e+00 1.190678619794410364e+00
0.000000000000000000e+00 6.242750002060444281e-01 9.029338471756759299e-01 1.302918471390010824e+00 1.500582563672564262e+00 1.641204444770887116e+00 1.605297906947738884e+00 1.558336710561792682e+00 1.546429560206819875e+00 1.234102112844872146e+00
0.000000000000000000e+00 1.170387000317410164e+00 1.393865256417788023e+00 1.484214660325244850e+00 1.544588772521414688e+00 1.560190504892490004e+00 1.565834726707732161e+00 1.575664590918062213e+00 1.519059746810382139e+00 1.292520233573481114e+00
0.000000000000000000e+00 1.124700799331436185e+00 8.721094153747100952e-01 1.266246303134077378e+00 1.514335328123795010e+00 1.598816558269415156e+00 1.675294829119579276e+00 1.592373550392835790e+00 1.470192347210246275e+00 1.190678619794410364e+00
0.000000000000000000e+00 9.589091599907678676e-01 8.827093121702057621e-01 1.268569999087159950e+00 1.478192153929955621e+00 1.599249984805690694e+00 1.655011960450033737e+00 1.625442766225056568e+00 1.456336205265550410e+00 1.198560334971343622e+00
0.000000000000000000e+00 1.470750480498099089e+00 1.216130538406999140e+00 1.395767617829839713e+00 1.478304929839295401e+00 1.592444505011899158e+00 1.576496966098990260e+00 1.568348382511840944e+00 1.318949067312734424e+00 8.474772095254492488e-01
0.000000000000000000e+00 1.213345231275107627e+00 1.163598459395078333e+00 1.448557097838031105e+00 1.632165799323595623e+00 1.697136139297682256e+00 1.468567972832239166e+00 1.416571738179805973e+00 1.242688062706308383e+00 1.050340421973068983e+00
0.000000000000000000e+00 9.429546166151127062e-01 9.142857142857139241e-01 1.166364572296171520e+00 1.473731679020328755e+00 1.646950314816339134e+00 1.641696680620644777e+00 1.476419499631366428e+00 1.506586354202132272e+00 1.381251448920962188e+00
0.000000000000000000e+00 1.263045044862580957e+00 1.013723608855793046e+00 1.162133859140701775e+00 1.532662600532443964e+00 1.734058910229431261e+00 1.605344342787789591e+00 1.436666304004174277e+00 1.320310446713129471e+00 1.098063471348802889e+00
0.000000000000000000e+00 9.002270613171590163e-01 8.645675525139305817e-01 1.321527586190641701e+00 1.587024473968433158e+00 1.649975244572807309e+00 1.635350817555189629e+00 1.565541802406609451e+00 1.378295382259414836e+00 1.160099673422763766e+00
0.000000000000000000e+00 1.076050802793484529e+00 1.090707289624748277e+00 1.276259948685359857e+00 1.533010669600899378e+00 1.645389636352914131e+00 1.625040172293002572e+00 1.449123771799349036e+00 1.376341427066406720e+00 1.265435121703266663e+00
0.000000000000000000e+00 8.737447753405167550e-01 1.251659474643287195e+00 1.406710091629248760e+00 1.571333576172920798e+00 1.672506233699150524e+00 1.641482022144036268e+00 1.505525599266306802e+00 1.390013211018118033e+00 1.119138710564741457e+00
0.000000000000000000e+00 7.714285714285710194e-01 8.677681440015198033e-01 1.196692269483958349e+00 1.419698018046199550e+00 1.652897293786707245e+00 1.642688555342760592e+00 1.543038862137271705e+00 1.553433308568815452e+00 1.251093073652824073e+00
0.000000000000000000e+00 1.477678193318222810e+00 1.204967049594454442e+00 1.260209127707361487e+00 1.421365846208834771e+00 1.496619551399261949e+00 1.574579276431389951e+00 1.575639232355525055e+00 1.549562169395479527e+00 1.277231765834762278e+00
0.000000000000000000e+00 8.203484454990087604e-01 9.530779295293678732e-01 1.297059053361750980e+00 1.590962969792409698e+00 1.696925874483453223e+00 1.653245083156021700e+00 1.443115345550254558e+00 1.425988431947007973e+00 1.206205480845343736e+00
0.000000000000000000e+00 1.042513877774866371e+00 1.013571150233587126e+00 1.203782095673058272e+00 1.372089208326473520e+00 1.520551293901373002e+00 1.690255076922445587e+00 1.691553148437491938e+00 1.453045146577321090e+00 1.089920140712634655e+00
0.000000000000000000e+00 1.198056417677919816e+00 1.162657600904958510e+00 1.341247541364784857e+00 1.520467436394449257e+00 1.593429964420226996e+00 1.633390045204051289e+00 1.547571115115752294e+00 1.359968399799117211e+00 1.116901926777195353e+00
0.000000000000000000e+00 1.020977376635110900e+00 9.929584087929281822e-01 1.390768635636343786e+00 1.510698890825826757e+00 1.667490950822944962e+00 1.600829870225752627e+00 1.484383206048143444e+00 1.428927056496531955e+00 1.359511815111047239e+00
0.000000000000000000e+00 1.295663833407417309e+00 1.366746187379515254e+00 1.485462055909154699e+00 1.599816143208815600e+00 1.652456425275111052e+00 1.424837728810493198e+00 1.397488446000937579e+00 1.079296237288880578e+00 1.045657531815084917e+00
0.000000000000000000e+00 7.121375001030219032e-01 8.507248087174521523e-01 1.281076742824184711e+00 1.499831204820373465e+00 1.678744544086923751e+00 1.680608472982408452e+00 1.548126674121757418e+00 1.400708642729172837e+00 1.300932551634328860e+00
0.000000000000000000e+00 1.083566071531593122e+00 1.088708829990133076e+00 1.359404950771543108e+00 1.416777826793944151e+00 1.619702563070418710e+00 1.735374988919584638e+00 1.504097290351607441e+00 1.385388188963649458e+00 1.250967749520442096e+00
0.000000000000000000e+00 9.418795509903444829e-01 9.485052788607989394e-01 1.328190724603590001e+00 1.523995006389005979e+00 1.695632427380842966e+00 1.703640852124515659e+00 1.516804477598475254e+00 1.329239173944828156e+00 1.126034019123338226e+00
0.000000000000000000e+00 1.019823232426873005e+00 1.176873532548434742e+00 1.356612468897740786e+00 1.522187914729874914e+00 1.633915687787425464e+00 1.661556340125531328e+00 1.501320584652391377e+00 1.322480955321798435e+00 1.139592963869050957e+00
