0.000000000000000000e+00 1.470561885424048532e+00 1.754749906098548751e+00 1.598670134564518230e+00 9.459517290551715529e-01 -0.000000000000000000e+00 0.000000000000000000e+00 0.000000000000000000e+00 0.000000000000000000e+00 0.000000000000000000e+00
0.000000000000000000e+00 1.125378497407935940e+00 1.627741987767092890e+00 1.554682660362609381e+00 1.081648523078492019e+00 3.358539286332418161e-01 0.000000000000000000e+00 0.000000000000000000e+00 0.000000000000000000e+00 0.000000000000000000e+00
0.000000000000000000e+00 1.030069215130880123e+00 1.567291686592188649e+00 1.582999485691819475e+00 1.108843636407379485e+00 6.375737143195352452e-01 6.728784795823778975e-01 -0.000000000000000000e+00 0.000000000000000000e+00 0.000000000000000000e+00
0.000000000000000000e+00 1.081885204765220543e+00 1.528372126446464030e+00 1.513509757410860024e+00 1.125473700363164298e+00 6.045437245811141613e-01 4.961293707600077374e-01 -0.000000000000000000e+00 0.000000000000000000e+00 0.000000000000000000e+00
0.000000000000000000e+00 9.333379581923065826e-01 1.427536008972647874e+00 1.418859497807432479e+00 9.779405675178124424e-01 -0.000000000000000000e+00 0.000000000000000000e+00 0.000000000000000000e+00 0.000000000000000000e+00 0.000000000000000000e+00
0.000000000000000000e+00 1.076392905508696263e+00 1.521974772665060760e+00 1.498095149090877376e+00 9.910831358800297197e-01 1.428571428571428492e-01 0.000000000000000000e+00 0.000000000000000000e+00 0.000000000000000000e+00 0.000000000000000000e+00
0.000000000000000000e+00 1.081885204765220543e+00 1.528372126446464030e+00 1.513509757410860024e+00 1.125473700363164298e+00 6.045437245811141613e-01 4.961293707600077374e-01 -0.000000000000000000e+00 0.000000000000000000e+00 0.000000000000000000e+00
0.000000000000000000e+00 1.176791754477999552e+00 1.676999260519944412e+00 1.605510080515062388e+00 1.024980085169348687e+00 3.212889285096150460e-01 0.000000000000000000e+00 0.000000000000000000e+00 0.000000000000000000e+00 0.000000000000000000e+00
0.000000000000000000e+00 1.295294531648931713e+00 1.727821214465539601e+00 1.612800737926501249e+00 9.214779910408950059e-01 -0.000000000000000000e+00 0.000000000000000000e+00 0.000000000000000000e+00 0.000000000000000000e+00 0.000000000000000000e+00
0.000000000000000000e+00 1.265889745040325920e+00 1.705140617365521027e+00 1.630924507817022251e+00 1.031980983327648316e+00 0.000000000000000000e+00 0.000000000000000000e+00 0.000000000000000000e+00 0.000000000000000000e+00 0.000000000000000000e+00
0.000000000000000000e+00 1.093990579336142854e+00 1.644535622080924631e+00 1.582962275608500669e+00 9.971403356838959287e-01 -0.000000000000000000e+00 0.000000000000000000e+00 0.000000000000000000e+00 0.000000000000000000e+00 0.000000000000000000e+00
0.000000000000000000e+00 1.215188493923017310e+00 1.675576793752594273e+00 1.626199368387811761e+00 1.147994855772390244e+00 -0.000000000000000000e+00 0.000000000000000000e+00 0.000000000000000000e+00 0.000000000000000000e+00 0.000000000000000000e+00
0.000000000000000000e+00 1.240626007385988272e+00 1.655575340904244186e+00 1.602552773126656005e+00 1.049117085289260398e+00 -0.000000000000000000e+00 0.000000000000000000e+00 0.000000000000000000e+00 0.000000000000000000e+00 0.000000000000000000e+00
0.000000000000000000e+00 1.030069215130880123e+00 1.567291686592188649e+00 1.582999485691819475e+00 1.108843636407379485e+00 6.375737143195352452e-01 6.728784795823778975e-01 -0.000000000000000000e+00 0.000000000000000000e+00 0.000000000000000000e+00
0.000000000000000000e+00 9.563065248593126677e-01 1.585528237784139982e+00 1.573396182513411290e+00 1.065888868887030716e+00 1.428571428571427659e-01 0.000000000000000000e+00 0.000000000000000000e+00 0.000000000000000000e+00 0.000000000000000000e+00
0.000000000000000000e+00 1.131535812715112943e+00 1.585031522504632084e+00 1.507655409617707498e+00 1.089804638710567986e+00 4.511903460700424362e-01 0.000000000000000000e+00 0.000000000000000000e+00 0.000000000000000000e+00 0.000000000000000000e+00
0.000000000000000000e+00 1.279093470775551022e+00 1.731525982787860407e+00 1.624319703518389835e+00 9.600278551921332948e-01 0.000000000000000000e+00 0.000000000000000000e+00 0.000000000000000000e+00 0.000000000000000000e+00 0.000000000000000000e+00
0.000000000000000000e+00 1.199206929164073454e+00 1.693823124136217162e+00 1.597646806314893864e+00 9.536535151819344192e-01 0.000000000000000000e+00 0.000000000000000000e+00 0.000000000000000000e+00 0.000000000000000000e+00 0.000000000000000000e+00
0.000000000000000000e+00 1.305992079623434110e+00 1.728055507504434596e+00 1.612722840192117868e+00 9.653030758024649938e-01 0.000000000000000000e+00 0.000000000000000000e+00 0.000000000000000000e+00 0.000000000000000000e+00 0.000000000000000000e+00
0.000000000000000000e+00 1.276056119773499198e+00 1.721055171801552985e+00 1.605618714921656531e+00 9.967888532989962469e-01 0.000000000000000000e+00 0.000000000000000000e+00 0.000000000000000000e+00 0.000000000000000000e+00 0.000000000000000000e+00
0.000000000000000000e+00 1.240259198980897315e+00 1.675799543564909566e+00 1.603985145523775691e+00 1.002729864508616897e+00 0.000000000000000000e+00 0.000000000000000000e+00 0.000000000000000000e+00 0.000000000000000000e+00 0.000000000000000000e+00
0.000000000000000000e+00 1.323818779870624907e+00 1.729328987348460522e+00 1.636619235116381743e+00 9.803345226638429111e-01 0.000000000000000000e+00 0.000000000000000000e+00 0.000000000000000000e+00 0.000000000000000000e+00 0.000000000000000000e+00
0.000000000000000000e+00 1.217428178719829113e+00 1.689010404140584676e+00 1.624027434800257685e+00 1.044378961869946831e+00 0.000000000000000000e+00 0.000000000000000000e+00 0.000000000000000000e+00 0.000000000000000000e+00 0.000000000000000000e+00
0.000000000000000000e+00 1.293562355451100876e+00 1.698903886707794797e+00 1.605870688342485808e+00 9.776314557970242625e-01 -0.000000000000000000e+00 0.000000000000000000e+00 0.000000000000000000e+00 0.000000000000000000e+00 0.000000000000000000e+00
0.000000000000000000e+00 1.280836220608981613e+00 1.716130521297282829e+00 1.645507807751424911e+00 1.044378961869946831e+00 0.000000000000000000e+00 0.000000000000000000e+00 0.000000000000000000e+00 0.000000000000000000e+00 0.000000000000000000e+00
0.000000000000000000e+00 1.314401718106516403e+00 1.725629961997986239e+00 1.612996064159968768e+00 9.931688822142379358e-01 0.000000000000000000e+00 0.000000000000000000e+00 0.000000000000000000e+00 0.000000000000000000e+00 0.000000000000000000e+00
