0.000000000000000000e+00 2.893651339585826335e-02 5.787302679171652670e-02 8.680954018757479351e-02 1.157460535834330534e-01 1.446825669792913271e-01 1.736190803751495870e-01 2.025555937710078469e-01 2.314921071668661068e-01 2.604286205627243667e-01
8.934408784984704862e-04 3.245016635031613278e-02 6.400689182213378792e-02 9.556361729395144999e-02 1.271203427657691121e-01 1.586770682375867603e-01 1.902337937094044362e-01 2.217905191812221122e-01 2.533472446530397604e-01 2.849039701248574086e-01
7.091665152563399188e-02 9.225623166295501831e-02 1.135958118002760309e-01 1.349353919375970712e-01 1.562749720749180837e-01 1.776145522122390963e-01 1.989541323495601088e-01 2.202937124868811214e-01 2.416332926242021339e-01 2.629728727615231465e-01
0.000000000000000000e+00 2.941224642844051176e-02 5.882449285688102353e-02 8.823673928532153876e-02 1.176489857137620471e-01 1.470612321422025692e-01 1.764734785706430775e-01 2.058857249990835858e-01 2.352979714275240941e-01 2.647102178559646024e-01
6.948616597375364967e-02 9.221967083585515257e-02 1.149531756979566555e-01 1.376866805600581722e-01 1.604201854221596613e-01 1.831536902842611503e-01 2.058871951463626671e-01 2.286207000084641561e-01 2.513542048705657006e-01 2.740877097326671619e-01
6.664577285528171247e-02 8.927331595346089943e-02 1.119008590516401003e-01 1.345284021498192872e-01 1.571559452479984742e-01 1.797834883461776612e-01 2.024110314443568481e-01 2.250385745425360629e-01 2.476661176407152221e-01 2.702936607388944368e-01
0.000000000000000000e+00 2.941224642844051176e-02 5.882449285688102353e-02 8.823673928532153876e-02 1.176489857137620471e-01 1.470612321422025692e-01 1.764734785706430775e-01 2.058857249990835858e-01 2.352979714275240941e-01 2.647102178559646024e-01
0.000000000000000000e+00 2.924954806042638633e-02 5.849909612085277266e-02 8.774864418127915899e-02 1.169981922417055453e-01 1.462477403021319455e-01 1.754972883625583180e-01 2.047468364229846904e-01 2.339963844834110906e-01 2.632459325438374909e-01
0.000000000000000000e+00 2.892128664336233654e-02 5.784257328672467308e-02 8.676385993008700614e-02 1.156851465734493462e-01 1.446064332168116862e-01 1.735277198601740123e-01 2.024490065035363662e-01 2.313702931468986923e-01 2.602915797902610184e-01
0.000000000000000000e+00 3.045635793574344094e-02 6.091271587148688188e-02 9.136907380723031935e-02 1.218254317429737638e-01 1.522817896787171943e-01 1.827381476144606387e-01 2.131945055502040831e-01 2.436508634859475275e-01 2.741072214216909719e-01
1.757349574249841830e-06 3.057260657728898962e-02 6.114345580500372968e-02 9.171430503271846280e-02 1.222851542604332098e-01 1.528560034881479568e-01 1.834268527158626760e-01 2.139977019435774230e-01 2.445685511712921700e-01 2.751394003990069170e-01
8.467136262984845119e-02 1.054670871094808143e-01 1.262628115891131775e-01 1.470585360687455267e-01 1.678542605483778760e-01 1.886499850280102530e-01 2.094457095076426023e-01 2.302414339872749793e-01 2.510371584669073286e-01 2.718328829465396779e-01
0.000000000000000000e+00 2.955697095885831752e-02 5.911394191771663503e-02 8.867091287657495602e-02 1.182278838354332701e-01 1.477848547942915980e-01 1.773418257531499120e-01 2.068987967120082261e-01 2.364557676708665401e-01 2.660127386297248542e-01
7.091665152563399188e-02 9.225623166295501831e-02 1.135958118002760309e-01 1.349353919375970712e-01 1.562749720749180837e-01 1.776145522122390963e-01 1.989541323495601088e-01 2.202937124868811214e-01 2.416332926242021339e-01 2.629728727615231465e-01
7.867900194551916138e-02 9.983600374773335395e-02 1.209930055499475465e-01 1.421500073521617113e-01 1.633070091543759039e-01 1.844640109565900965e-01 2.056210127588042891e-01 2.267780145610184817e-01 2.479350163632326742e-01 2.690920181654468668e-01
0.000000000000000000e+00 2.956136264858068644e-02 5.912272529716137287e-02 8.868408794574206278e-02 1.182454505943227457e-01 1.478068132429034287e-01 1.773681758914841256e-01 2.069295385400647946e-01 2.364909011886454915e-01 2.660522638372261883e-01
0.000000000000000000e+00 2.900999342479938792e-02 5.801998684959877584e-02 8.702998027439816375e-02 1.160399736991975517e-01 1.450499671239969257e-01 1.740599605487963275e-01 2.030699539735957293e-01 2.320799473983951033e-01 2.610899408231944774e-01
0.000000000000000000e+00 3.109120311503210665e-02 6.218240623006421330e-02 9.327360934509631996e-02 1.243648124601284266e-01 1.554560155751605333e-01 1.865472186901926399e-01 2.176384218052247466e-01 2.487296249202568532e-01 2.798208280352889599e-01
0.000000000000000000e+00 3.002801103800271931e-02 6.005602207600543863e-02 9.008403311400815794e-02 1.201120441520108773e-01 1.501400551900136104e-01 1.801680662280163159e-01 2.101960772660190213e-01 2.402240883040217545e-01 2.702520993420244877e-01
0.000000000000000000e+00 2.963787396076370331e-02 5.927574792152740663e-02 8.891362188229111341e-02 1.185514958430548133e-01 1.481893698038185270e-01 1.778272437645822268e-01 2.074651177253459267e-01 2.371029916861096265e-01 2.667408656468733263e-01
8.119060152801801933e-02 1.026613076413199210e-01 1.241320137546218227e-01 1.456027198679237245e-01 1.670734259812256262e-01 1.885441320945275279e-01 2.100148382078294296e-01 2.314855443211313313e-01 2.529562504344332607e-01 2.744269565477351347e-01
0.000000000000000000e+00 2.931036125654993760e-02 5.862072251309987519e-02 8.793108376964980932e-02 1.172414450261997504e-01 1.465518062827496915e-01 1.758621675392996186e-01 2.051725287958495736e-01 2.344828900523995008e-01 2.637932513089494280e-01
7.417734403721687464e-02 9.601519803370747730e-02 1.178530520301980800e-01 1.396909060266887104e-01 1.615287600231792853e-01 1.833666140196699157e-01 2.052044680161605184e-01 2.270423220126511210e-01 2.488801760091417237e-01 2.707180300056323263e-01
0.000000000000000000e+00 2.968878375961703925e-02 5.937756751923407850e-02 8.906635127885112468e-02 1.187551350384681570e-01 1.484439187980851893e-01 1.781327025577022494e-01 2.078214863173192817e-01 2.375102700769363140e-01 2.671990538365533463e-01
0.000000000000000000e+00 2.922926482298436254e-02 5.845852964596872509e-02 8.768779446895308416e-02 1.169170592919374502e-01 1.461463241149218162e-01 1.753755889379061683e-01 2.046048537608905482e-01 2.338341185838749003e-01 2.630633834068592525e-01
0.000000000000000000e+00 3.007375902411765431e-02 6.014751804823530862e-02 9.022127707235295946e-02 1.202950360964706172e-01 1.503687951205882611e-01 1.804425541447059189e-01 2.105163131688235767e-01 2.405900721929412345e-01 2.706638312170588923e-01
