6.803740976576621051e+02
1.472605219992580317e+00
5.109122321332073113e+00
1.949441370877792457e+00
2.974252906564541945e+02
5.109122321332073113e+00
4.106287565202172196e+00
2.360436238759114680e+00
2.831413777781403240e+01
6.054567027576883476e+00
1.007250922774800106e+00
4.124809310160122422e+00
1.472605219992580317e+00
2.505645864597743522e+00
1.212094825285847666e+00
5.832651161700331954e+01
3.726625079988254470e+02
1.414700040289070273e+02
1.118378542042208323e+02
2.062062768531255017e+02
1.582134813012312691e+02
1.500305065224314376e+02
9.003091203100694884e+01
1.250363489169733100e+02
5.023528784629085919e+01
