6.800750674758726291e+02
1.906549661495470005e+00
1.482177285171687231e+00
2.289842016991647355e+00
2.973271815236315661e+02
1.482177285171687231e+00
1.620511506305980065e+00
1.734030378858065324e+00
2.833830440646060111e+01
1.750543059182750216e+00
1.793721570412477817e+00
1.854983250600890754e+00
1.906549661495470005e+00
2.003645027667121603e+00
2.021262518162111554e+00
5.833521019144443187e+01
1.860176928907573028e+02
1.414310790737590651e+02
1.118161063464119138e+02
2.061621631705834830e+02
1.581226651352258727e+02
1.500091503898525502e+02
9.001560746208916441e+01
1.250119478012452134e+02
5.002772691582359244e+01
