0.000000000000000000e+00 2.833614783602341272e-02 5.667229567204682544e-02 8.500844350807024163e-02 1.133445913440936509e-01 1.416807391801170601e-01 1.700168870161404833e-01 1.983530348521638786e-01 2.266891826881873018e-01 2.550253305242107249e-01
8.934408784984704862e-04 3.218839451044390454e-02 6.348334814238933144e-02 9.477830177433477221e-02 1.260732554062801991e-01 1.573682090382256260e-01 1.886631626701710807e-01 2.199581163021165076e-01 2.512530699340619345e-01 2.825480235660073891e-01
6.859382074630313020e-02 8.970668788818410289e-02 1.108195550300650756e-01 1.319324221719460621e-01 1.530452893138270487e-01 1.741581564557080075e-01 1.952710235975889941e-01 2.163838907394699529e-01 2.374967578813509395e-01 2.586096250232319260e-01
0.000000000000000000e+00 2.894332121387381551e-02 5.788664242774763102e-02 8.682996364162144654e-02 1.157732848554952620e-01 1.447166060693690914e-01 1.736599272832428931e-01 2.026032484971166947e-01 2.315465697109905241e-01 2.604898909248643535e-01
6.568143743911555865e-02 8.797098728593533146e-02 1.102605371327551043e-01 1.325500869795748771e-01 1.548396368263946499e-01 1.771291866732144227e-01 1.994187365200341955e-01 2.217082863668539683e-01 2.439978362136737411e-01 2.662873860604935139e-01
6.572271975672129563e-02 8.812559312436343828e-02 1.105284664920055948e-01 1.329313398596477236e-01 1.553342132272898801e-01 1.777370865949320367e-01 2.001399599625741654e-01 2.225428333302162942e-01 2.449457066978584785e-01 2.673485800655006073e-01
0.000000000000000000e+00 2.894332121387381551e-02 5.788664242774763102e-02 8.682996364162144654e-02 1.157732848554952620e-01 1.447166060693690914e-01 1.736599272832428931e-01 2.026032484971166947e-01 2.315465697109905241e-01 2.604898909248643535e-01
0.000000000000000000e+00 2.917795823882483527e-02 5.835591647764967055e-02 8.753387471647450235e-02 1.167118329552993411e-01 1.458897911941241798e-01 1.750677494329490047e-01 2.042457076717738573e-01 2.334236659105986822e-01 2.626016241494235071e-01
0.000000000000000000e+00 2.779674623995064681e-02 5.559349247990129361e-02 8.339023871985193348e-02 1.111869849598025872e-01 1.389837311997532410e-01 1.667804774397038670e-01 1.945772236796545207e-01 2.223739699196051745e-01 2.501707161595558282e-01
0.000000000000000000e+00 2.910838402662721189e-02 5.821676805325442378e-02 8.732515207988163219e-02 1.164335361065088476e-01 1.455419201331360490e-01 1.746503041597632644e-01 2.037586881863904797e-01 2.328670722130176951e-01 2.619754562396449105e-01
1.757349574249841830e-06 2.977111184472221520e-02 5.954046633987018083e-02 8.930982083501814994e-02 1.190791753301661121e-01 1.488485298253140743e-01 1.786178843204620503e-01 2.083872388156099986e-01 2.381565933107579747e-01 2.679259478059059507e-01
2.228850846177420422e-02 4.897440848842968264e-02 7.566030851508516453e-02 1.023462085417406464e-01 1.290321085683961422e-01 1.557180085950516379e-01 1.824039086217071060e-01 2.090898086483625740e-01 2.357757086750180697e-01 2.624616087016735655e-01
0.000000000000000000e+00 2.898775598843468526e-02 5.797551197686937052e-02 8.696326796530405578e-02 1.159510239537387410e-01 1.449387799421734124e-01 1.739265359306081116e-01 2.029142919190428107e-01 2.319020479074774821e-01 2.608898038959121535e-01
6.859382074630313020e-02 8.970668788818410289e-02 1.108195550300650756e-01 1.319324221719460621e-01 1.530452893138270487e-01 1.741581564557080075e-01 1.952710235975889941e-01 2.163838907394699529e-01 2.374967578813509395e-01 2.586096250232319260e-01
4.963870376831839432e-02 7.320564938719001380e-02 9.677259500606164022e-02 1.203395406249332666e-01 1.439064862438048931e-01 1.674734318626765195e-01 1.910403774815481182e-01 2.146073231004197446e-01 2.381742687192913710e-01 2.617412143381629974e-01
0.000000000000000000e+00 2.933392087030835607e-02 5.866784174061671214e-02 8.800176261092507168e-02 1.173356834812334243e-01 1.466696043515417769e-01 1.760035252218501434e-01 2.053374460921584821e-01 2.346713669624668486e-01 2.640052878327752151e-01
0.000000000000000000e+00 2.826865419214228889e-02 5.653730838428457778e-02 8.480596257642686320e-02 1.130746167685691556e-01 1.413432709607114479e-01 1.696119251528537264e-01 1.978805793449960326e-01 2.261492335371383111e-01 2.544178877292805896e-01
0.000000000000000000e+00 3.093767179462523706e-02 6.187534358925047412e-02 9.281301538387570771e-02 1.237506871785009482e-01 1.546883589731261888e-01 1.856260307677514154e-01 2.165637025623766698e-01 2.475013743570018965e-01 2.784390461516271231e-01
0.000000000000000000e+00 2.828015461628618360e-02 5.656030923257236720e-02 8.484046384885854386e-02 1.131206184651447344e-01 1.414007730814309249e-01 1.696809276977170877e-01 1.979610823140032783e-01 2.262412369302894688e-01 2.545213915465756593e-01
0.000000000000000000e+00 2.829116345518966485e-02 5.658232691037932971e-02 8.487349036556898763e-02 1.131646538207586594e-01 1.414558172759483312e-01 1.697469807311379753e-01 1.980381441863276470e-01 2.263293076415173188e-01 2.546204710967069906e-01
6.768597891788265264e-02 8.934960372150484165e-02 1.110132285251270445e-01 1.326768533287492335e-01 1.543404781323714225e-01 1.760041029359936116e-01 1.976677277396158283e-01 2.193313525432379896e-01 2.409949773468602063e-01 2.626586021504823676e-01
0.000000000000000000e+00 2.903614364389871944e-02 5.807228728779743887e-02 8.710843093169615137e-02 1.161445745755948777e-01 1.451807182194936041e-01 1.742168618633923027e-01 2.032530055072910291e-01 2.322891491511897555e-01 2.613252927950884819e-01
6.593144739893548600e-02 8.779140720905406758e-02 1.096513670191726492e-01 1.315113268292912307e-01 1.533712866394097984e-01 1.752312464495283939e-01 1.970912062596469894e-01 2.189511660697655571e-01 2.408111258798841248e-01 2.626710856900026925e-01
0.000000000000000000e+00 2.960437616443173381e-02 5.920875232886346762e-02 8.881312849329520143e-02 1.184175046577269352e-01 1.480218808221586690e-01 1.776262569865904029e-01 2.072306331510221367e-01 2.368350093154538705e-01 2.664393854798856043e-01
0.000000000000000000e+00 2.796688998506058343e-02 5.593377997012116687e-02 8.390066995518175030e-02 1.118675599402423337e-01 1.398344499253029172e-01 1.678013399103635006e-01 1.957682298954240840e-01 2.237351198804846675e-01 2.517020098655452509e-01
0.000000000000000000e+00 2.951976661938254809e-02 5.903953323876509618e-02 8.855929985814764427e-02 1.180790664775301924e-01 1.475988330969127404e-01 1.771185997162952885e-01 2.066383663356778366e-01 2.361581329550603847e-01 2.656778995744429328e-01
