0.000000000000000000e+00 1.102414832319825511e+00 9.531567481727922786e-01 1.081489925710254818e+00 1.475227545750964708e+00 1.608003807893948256e+00 1.695756553528950938e+00 1.723685691253169505e+00 1.434314429536163837e+00 1.082145894681177722e+00
0.000000000000000000e+00 9.807195513200163139e-01 7.764079942976537252e-01 1.252731436349783234e+00 1.572707399416274798e+00 1.708894125248439977e+00 1.667427398339058620e+00 1.553661720923845690e+00 1.328065352568094104e+00 1.115798439316819435e+00
0.000000000000000000e+00 7.813849070896164983e-01 1.358189053080948838e+00 1.568840312028165540e+00 1.654898595726241872e+00 1.641622305442420604e+00 1.614343757152861381e+00 1.566697249632952982e+00 1.430041421564638204e+00 1.192470265366798232e+00
0.000000000000000000e+00 1.001263656639128863e+00 9.176975851075350743e-01 1.156869823815061205e+00 1.442038917663449160e+00 1.657269964049443711e+00 1.706823342780374952e+00 1.647200755411308171e+00 1.463887038610828695e+00 1.196172799214135329e+00
0.000000000000000000e+00 1.013503255814717008e+00 1.311388796545434943e+00 1.513282555472489577e+00 1.595225576069545737e+00 1.619679597771227275e+00 1.606859838126520001e+00 1.558982683069639608e+00 1.488976413772922003e+00 1.244504201484574413e+00
0.000000000000000000e+00 1.049564272342185189e+00 1.313981581647571062e+00 1.519470832968377039e+00 1.648279616198521591e+00 1.603868322608031916e+00 1.578923236545345610e+00 1.546897171397095816e+00 1.485551161316653435e+00 1.283416226080970501e+00
0.000000000000000000e+00 1.001263656639128863e+00 9.176975851075350743e-01 1.156869823815061205e+00 1.442038917663449160e+00 1.657269964049443711e+00 1.706823342780374952e+00 1.647200755411308171e+00 1.463887038610828695e+00 1.196172799214135329e+00
0.000000000000000000e+00 9.293893630462192190e-01 9.504626942433831438e-01 1.083483236088660151e+00 1.480465523682114259e+00 1.647996896581498616e+00 1.701077020859346423e+00 1.674911420283605956e+00 1.496217082425517431e+00 1.052577341017186807e+00
0.000000000000000000e+00 1.089032831493969455e+00 9.631991354803042249e-01 1.033146616350422375e+00 1.398168884147046098e+00 1.613789391221382319e+00 1.710477631575935797e+00 1.699841047435143970e+00 1.547552410961351432e+00 1.241973946728037514e+00
0.000000000000000000e+00 7.439078460082286792e-01 6.528464287774728980e-01 1.090615802917111576e+00 1.494993918525162169e+00 1.680653331261293681e+00 1.718670892402325956e+00 1.645809956974841448e+00 1.470217152595721055e+00 1.191251906202521749e+00
0.000000000000000000e+00 6.285714285714281147e-01 6.902967788520014691e-01 1.068276903042188808e+00 1.483572090823159106e+00 1.603483781680817843e+00 1.668761096548833756e+00 1.693509760461070046e+00 1.559615094952035319e+00 1.214638111407914556e+00
0.000000000000000000e+00 2.857142857142856984e-01 9.147951394289145499e-01 1.262960193363201089e+00 1.546273061796078707e+00 1.695657693992975501e+00 1.707299878672274840e+00 1.612080579828722104e+00 1.456854827555992271e+00 1.180771747703880159e+00
0.000000000000000000e+00 8.675579421885789566e-01 6.528464287774728980e-01 1.024256546432250614e+00 1.444923302048537472e+00 1.674621875405488458e+00 1.722493655284785596e+00 1.682310394927357233e+00 1.531363660087148970e+00 1.136420987341886235e+00
0.000000000000000000e+00 7.813849070896164983e-01 1.358189053080948838e+00 1.568840312028165540e+00 1.654898595726241872e+00 1.641622305442420604e+00 1.614343757152861381e+00 1.566697249632952982e+00 1.430041421564638204e+00 1.192470265366798232e+00
0.000000000000000000e+00 6.690570113284114440e-01 1.171290319703210292e+00 1.470988024420872620e+00 1.618833943283507271e+00 1.631563420618543425e+00 1.638963849254127636e+00 1.623473962355517886e+00 1.513751203214055208e+00 1.202415587526648677e+00
0.000000000000000000e+00 1.056045346111250671e+00 1.081098833283790528e+00 1.230180703398338515e+00 1.464935549602668807e+00 1.663122849215423527e+00 1.658435579064706733e+00 1.619452944820057194e+00 1.524126757143853261e+00 1.276846170404921654e+00
0.000000000000000000e+00 1.116901926777195353e+00 9.714832289390660236e-01 1.233228004722418447e+00 1.457268266593890749e+00 1.609407173179105532e+00 1.682431568460764248e+00 1.717567115642054443e+00 1.514908306402625859e+00 1.129687970805535624e+00
0.000000000000000000e+00 1.010989785162455412e+00 7.954871026740020223e-01 1.195006851140380855e+00 1.539796077066321933e+00 1.648005000210924331e+00 1.687459142159553949e+00 1.672994179166881645e+00 1.428172216984677334e+00 1.136384518547921108e+00
0.000000000000000000e+00 8.370616598053276514e-01 7.416147926918683631e-01 1.139846336876698896e+00 1.441111086546291054e+00 1.607749419293873050e+00 1.686400970444914105e+00 1.693523759573602794e+00 1.628917296344083221e+00 1.093928932056562608e+00
0.000000000000000000e+00 9.769200488118611192e-01 9.870194906443418015e-01 1.109267589846873792e+00 1.408359593617267480e+00 1.648396030579059479e+00 1.695716242699576881e+00 1.707885745083399298e+00 1.526252896623125688e+00 9.860666828364865744e-01
0.000000000000000000e+00 1.136614953516990489e+00 1.367129513692180387e+00 1.472332228854726477e+00 1.590157305304586766e+00 1.626940170170385391e+00 1.632277703907131450e+00 1.593934583085702350e+00 1.443056811229893821e+00 1.322643995653075333e+00
0.000000000000000000e+00 1.217763917457404421e+00 1.005616024924957497e+00 1.153989363683440850e+00 1.461544943026003907e+00 1.660907837291890177e+00 1.728639812163959455e+00 1.647799983482495234e+00 1.423097131465922649e+00 1.142357789967672677e+00
0.000000000000000000e+00 1.152220970074735673e+00 1.441554120453712784e+00 1.524517564755293098e+00 1.627837204058958820e+00 1.612816269000943104e+00 1.573910289641943683e+00 1.562048723050492249e+00 1.493911549019907525e+00 1.268949956830240033e+00
0.000000000000000000e+00 8.714913883058695854e-01 9.227456155978408514e-01 1.092371663356773936e+00 1.476387614086492217e+00 1.673326938578395096e+00 1.734003378273433427e+00 1.660911643367531942e+00 1.419493111449123379e+00 1.059349754254923948e+00
0.000000000000000000e+00 1.018563240803447734e+00 8.432095399793437807e-01 1.062556428859890545e+00 1.436838299434457733e+00 1.650354843770847957e+00 1.719469770920063034e+00 1.657392734396992973e+00 1.506521309260811625e+00 1.154742616542079547e+00
0.000000000000000000e+00 6.104150850457219502e-01 7.021549931171110481e-01 1.170524090846062126e+00 1.449141454233650483e+00 1.675829915649572621e+00 1.703346378336334510e+00 1.639174378308969615e+00 1.545492633066029020e+00 1.235189632306050056e+00
