0.000000000000000000e+00 1.138439370015447594e+00 9.481719728918056589e-01 1.138002142815933260e+00 1.435918341133104237e+00 1.624525607218184842e+00 1.719581066341087983e+00 1.683337222204675188e+00 1.357099936146890506e+00 1.010790049031277116e+00
0.000000000000000000e+00 4.549946429601651188e-01 7.021549931171110481e-01 1.105860311631341686e+00 1.565277752083465090e+00 1.717356764298304084e+00 1.686998225077530389e+00 1.619111941039691027e+00 1.386546556010672226e+00 1.097497476656476900e+00
0.000000000000000000e+00 9.675814223925357505e-01 1.419433120598547093e+00 1.583656042320100044e+00 1.653817778101034142e+00 1.643685087069255202e+00 1.565752744735981583e+00 1.475523451207492620e+00 1.344213419480015048e+00 1.149539329253751019e+00
0.000000000000000000e+00 7.121375001030219032e-01 8.273290784061539949e-01 1.033499539896926001e+00 1.452446930371199763e+00 1.652082153900116257e+00 1.713738939492142066e+00 1.660807774645293833e+00 1.481027596291560666e+00 1.209631387219647358e+00
0.000000000000000000e+00 3.407089286744506285e-01 8.914186689747630732e-01 1.358079428202075167e+00 1.560436351830782220e+00 1.669584654621821374e+00 1.653814107342646000e+00 1.538747389737438409e+00 1.523709627758540908e+00 1.200938493701825260e+00
0.000000000000000000e+00 1.076558110536580015e+00 1.315894429196833970e+00 1.518303355461560367e+00 1.648797307329201489e+00 1.640435125028026908e+00 1.554329120203748582e+00 1.509386299310201185e+00 1.495490113846752234e+00 1.262992565481411589e+00
0.000000000000000000e+00 7.121375001030219032e-01 8.273290784061539949e-01 1.033499539896926001e+00 1.452446930371199763e+00 1.652082153900116257e+00 1.713738939492142066e+00 1.660807774645293833e+00 1.481027596291560666e+00 1.209631387219647358e+00
0.000000000000000000e+00 9.753582044871691448e-01 9.119858257049389128e-01 1.188122235158841189e+00 1.516679513991184836e+00 1.688566996735155312e+00 1.679650023741004361e+00 1.608546796763168363e+00 1.403613856050794029e+00 9.829361358939210369e-01
0.000000000000000000e+00 1.056246125165364536e+00 9.035724415544289512e-01 1.115078850248161224e+00 1.418194016527559498e+00 1.642243356023076029e+00 1.697988489100612286e+00 1.687702566090561129e+00 1.482176786143766467e+00 1.291315904556324057e+00
0.000000000000000000e+00 9.010470164037422958e-01 8.689262440932733478e-01 1.104430577845638917e+00 1.465149286288775610e+00 1.655894799618445878e+00 1.702799002236969450e+00 1.669299838644380252e+00 1.486581764259563121e+00 1.145619226724313711e+00
0.000000000000000000e+00 5.337057144505495954e-01 6.285714285714281147e-01 1.061300912399208318e+00 1.461521135491734791e+00 1.664565649455467256e+00 1.709133938122453289e+00 1.655329224481155048e+00 1.502445062957878275e+00 1.210042248753943062e+00
0.000000000000000000e+00 5.034782031716904527e-01 5.769886564330847234e-01 1.073191236499815515e+00 1.492801352191814646e+00 1.654669706185387223e+00 1.696972482079739164e+00 1.648218535436019039e+00 1.531337676694775052e+00 1.226857846851407308e+00
0.000000000000000000e+00 1.176804158813126611e+00 8.856029896056266670e-01 1.126465536256674671e+00 1.404513300274390364e+00 1.611859863199968768e+00 1.720524662730655852e+00 1.669099723438840499e+00 1.467306232830054125e+00 1.178118506430195778e+00
0.000000000000000000e+00 9.675814223925357505e-01 1.419433120598547093e+00 1.583656042320100044e+00 1.653817778101034142e+00 1.643685087069255202e+00 1.565752744735981583e+00 1.475523451207492620e+00 1.344213419480015048e+00 1.149539329253751019e+00
0.000000000000000000e+00 1.029835085210557111e+00 1.283837974410779514e+00 1.526740104981150203e+00 1.610293655911123167e+00 1.660607241638149656e+00 1.652700947732013148e+00 1.535774588088762993e+00 1.372608352182429936e+00 1.054401437837749977e+00
0.000000000000000000e+00 1.094755804693392509e+00 9.399243672567496599e-01 1.099998083908497737e+00 1.447896137504920189e+00 1.647011347402122627e+00 1.701400530864126681e+00 1.664142697688556272e+00 1.434112026146495689e+00 1.124166606746767716e+00
0.000000000000000000e+00 9.976818340183112310e-01 9.701862212632962335e-01 1.047774959775650272e+00 1.402927544097416268e+00 1.643405824453519903e+00 1.714763333976355941e+00 1.718594899510277774e+00 1.479279019890049396e+00 1.045574712718514432e+00
0.000000000000000000e+00 7.990224081332020223e-01 7.021549931171110481e-01 1.127828156779645763e+00 1.515632553270725769e+00 1.659647083891904185e+00 1.706133046383149665e+00 1.645047962452643509e+00 1.456892421048601394e+00 1.105609245990538003e+00
0.000000000000000000e+00 7.014499081538067005e-01 6.930596026533976106e-01 1.020077678036834357e+00 1.404655601182747127e+00 1.680873799073463903e+00 1.745680594032810840e+00 1.708626585718286073e+00 1.483339069555933420e+00 1.105453478597410166e+00
0.000000000000000000e+00 7.903343523825916428e-01 7.764079942976537252e-01 1.004848654362289206e+00 1.390246578384638942e+00 1.637020275322804475e+00 1.714644508293338587e+00 1.727229614214266906e+00 1.425195162026525741e+00 1.151645490993207011e+00
0.000000000000000000e+00 4.835660715315934222e-01 7.714285714285707973e-01 1.225147338351699089e+00 1.472658579915465005e+00 1.609170545460363089e+00 1.655601541861336123e+00 1.647880947971144927e+00 1.552635693797781880e+00 1.313812779520995511e+00
0.000000000000000000e+00 7.482707145741763766e-01 7.725257917412747810e-01 1.104256124136799633e+00 1.495676880580159462e+00 1.688710279939619419e+00 1.748938809695110175e+00 1.645001992991913742e+00 1.329310993019917619e+00 1.110692045550749185e+00
0.000000000000000000e+00 1.098787010085900739e+00 1.437058952562733971e+00 1.572920036853984849e+00 1.604904053595930247e+00 1.642260470729102195e+00 1.601149574869108472e+00 1.513610269036168132e+00 1.416167517292023170e+00 1.270052687899654531e+00
0.000000000000000000e+00 1.146813360940053483e+00 1.073232720826309494e+00 1.267270155062039105e+00 1.505512476893785534e+00 1.681729470001444016e+00 1.721737202700235114e+00 1.553218035586678702e+00 1.354501533148134484e+00 1.140866855582650441e+00
0.000000000000000000e+00 6.586555821739626948e-01 6.421588368282574733e-01 1.021175788279225616e+00 1.383839142003725264e+00 1.653185451082529012e+00 1.733105229148471871e+00 1.702531844356591328e+00 1.560279596727963902e+00 1.247073232570968138e+00
0.000000000000000000e+00 8.531251134978425910e-01 9.051808030407381134e-01 1.169466089092967565e+00 1.521800632482851245e+00 1.697158228496743471e+00 1.747515326629598853e+00 1.585033788638243069e+00 1.316365632416179432e+00 1.225028096623292484e+00
