0.000000000000000000e+00 2.733765374650369562e-02 5.467530749300739124e-02 8.201296123951108685e-02 1.093506149860147825e-01 1.366882687325184920e-01 1.640259224790221737e-01 1.913635762255258554e-01 2.187012299720295649e-01 2.460388837185332744e-01
8.934408784984704862e-04 3.195985260758234942e-02 6.302626433666623507e-02 9.409267606575011378e-02 1.251590877948340064e-01 1.562254995239178712e-01 1.872919112530017638e-01 2.183583229820856286e-01 2.494247347111695212e-01 2.804911464402534138e-01
6.679117302293853531e-02 8.843986283457269670e-02 1.100885526462068442e-01 1.317372424578410195e-01 1.533859322694751670e-01 1.750346220811093145e-01 1.966833118927434620e-01 2.183320017043776096e-01 2.399806915160117571e-01 2.616293813276459046e-01
0.000000000000000000e+00 2.915757404333803315e-02 5.831514808667606631e-02 8.747272213001409946e-02 1.166302961733521326e-01 1.457878702166901519e-01 1.749454442600281989e-01 2.041030183033662460e-01 2.332605923467042652e-01 2.624181663900422845e-01
2.064863033457677716e-02 4.833450956109722196e-02 7.602038878761767371e-02 1.037062680141381255e-01 1.313921472406585633e-01 1.590780264671790289e-01 1.867639056936994668e-01 2.144497849202199324e-01 2.421356641467403703e-01 2.698215433732608082e-01
6.672308362316931030e-02 8.851335991310775586e-02 1.103036362030462014e-01 1.320939124929846331e-01 1.538841887829230926e-01 1.756744650728615242e-01 1.974647413627999559e-01 2.192550176527384154e-01 2.410452939426768471e-01 2.628355702326152787e-01
0.000000000000000000e+00 2.915757404333803315e-02 5.831514808667606631e-02 8.747272213001409946e-02 1.166302961733521326e-01 1.457878702166901519e-01 1.749454442600281989e-01 2.041030183033662460e-01 2.332605923467042652e-01 2.624181663900422845e-01
0.000000000000000000e+00 3.049098329337448024e-02 6.098196658674896048e-02 9.147294988012344419e-02 1.219639331734979210e-01 1.524549164668723977e-01 1.829458997602468884e-01 2.134368830536213513e-01 2.439278663469958419e-01 2.744188496403703326e-01
0.000000000000000000e+00 2.774293203345365097e-02 5.548586406690730194e-02 8.322879610036094944e-02 1.109717281338146039e-01 1.387146601672682444e-01 1.664575922007218989e-01 1.942005242341755533e-01 2.219434562676292078e-01 2.496863883010828622e-01
0.000000000000000000e+00 2.940563060276101676e-02 5.881126120552203351e-02 8.821689180828304333e-02 1.176225224110440670e-01 1.470281530138050907e-01 1.764337836165660867e-01 2.058394142193271104e-01 2.352450448220881341e-01 2.646506754248491577e-01
1.757349574249841830e-06 2.968608647736252493e-02 5.937041560515080030e-02 8.905474473293907567e-02 1.187390738607273510e-01 1.484234029885156403e-01 1.781077321163039018e-01 2.077920612440921633e-01 2.374763903718804525e-01 2.671607194996687418e-01
0.000000000000000000e+00 2.916206682643400147e-02 5.832413365286800294e-02 8.748620047930200094e-02 1.166482673057360059e-01 1.458103341321700108e-01 1.749724009586040019e-01 2.041344677850380207e-01 2.332965346114720118e-01 2.624586014379060028e-01
0.000000000000000000e+00 2.916320275512782403e-02 5.832640551025564807e-02 8.748960826538347557e-02 1.166528110205112961e-01 1.458160137756391306e-01 1.749792165307669511e-01 2.041424192858947717e-01 2.333056220410225923e-01 2.624688247961504128e-01
6.679117302293853531e-02 8.843986283457269670e-02 1.100885526462068442e-01 1.317372424578410195e-01 1.533859322694751670e-01 1.750346220811093145e-01 1.966833118927434620e-01 2.183320017043776096e-01 2.399806915160117571e-01 2.616293813276459046e-01
6.776182302336623831e-02 8.986088921693401177e-02 1.119599554105017852e-01 1.340590216040695726e-01 1.561580877976373460e-01 1.782571539912051195e-01 2.003562201847728930e-01 2.224552863783406664e-01 2.445543525719084399e-01 2.666534187654762134e-01
0.000000000000000000e+00 2.918961441201472357e-02 5.837922882402944713e-02 8.756884323604416376e-02 1.167584576480588943e-01 1.459480720600736248e-01 1.751376864720883275e-01 2.043273008841030580e-01 2.335169152961177885e-01 2.627065297081325190e-01
0.000000000000000000e+00 2.736287427816136777e-02 5.472574855632273555e-02 8.208862283448410679e-02 1.094514971126454711e-01 1.368143713908068493e-01 1.641772456689682136e-01 1.915401199471295779e-01 2.189029942252909422e-01 2.462658685034523065e-01
0.000000000000000000e+00 3.049515013483915238e-02 6.099030026967830476e-02 9.148545040451745713e-02 1.219806005393566095e-01 1.524757506741957758e-01 1.829709008090349143e-01 2.134660509438740528e-01 2.439612010787132190e-01 2.744563512135523853e-01
0.000000000000000000e+00 2.725966766588064707e-02 5.451933533176129415e-02 8.177900299764194469e-02 1.090386706635225883e-01 1.362983383294032458e-01 1.635580059952838894e-01 1.908176736611645330e-01 2.180773413270451766e-01 2.453370089929258202e-01
0.000000000000000000e+00 2.683080345928133895e-02 5.366160691856267789e-02 8.049241037784402031e-02 1.073232138371253558e-01 1.341540172964066913e-01 1.609848207556880406e-01 1.878156242149693622e-01 2.146464276742507116e-01 2.414772311335320609e-01
1.757349574249841830e-06 2.958445569434953182e-02 5.916715403912481408e-02 8.874985238390009634e-02 1.183325507286753786e-01 1.479152490734506609e-01 1.774979474182259431e-01 2.070806457630012254e-01 2.366633441077765077e-01 2.662460424525517899e-01
0.000000000000000000e+00 2.896308917567329277e-02 5.792617835134658555e-02 8.688926752701987832e-02 1.158523567026931711e-01 1.448154458783664777e-01 1.737785350540397566e-01 2.027416242297130355e-01 2.317047134053863422e-01 2.606678025810596488e-01
6.939502954040724370e-02 9.107106868127916310e-02 1.127471078221510825e-01 1.344231469630229880e-01 1.560991861038948936e-01 1.777752252447668269e-01 1.994512643856387324e-01 2.211273035265106657e-01 2.428033426673825712e-01 2.644793818082544767e-01
0.000000000000000000e+00 2.987864837997428191e-02 5.975729675994856382e-02 8.963594513992284574e-02 1.195145935198971276e-01 1.493932418998714096e-01 1.792718902798456915e-01 2.091505386598199734e-01 2.390291870397942553e-01 2.689078354197685372e-01
0.000000000000000000e+00 2.791586104000838911e-02 5.583172208001677822e-02 8.374758312002517080e-02 1.116634441600335564e-01 1.395793052000419421e-01 1.674951662400503416e-01 1.954110272800587134e-01 2.233268883200671129e-01 2.512427493600755124e-01
0.000000000000000000e+00 2.961002884931045187e-02 5.922005769862090374e-02 8.883008654793135561e-02 1.184401153972418075e-01 1.480501442465522732e-01 1.776601730958627112e-01 2.072702019451731492e-01 2.368802307944836150e-01 2.664902596437940807e-01
